Validation set:
100%|██████████| 4610/4610 [12:04<00:00,  6.36it/s]
              precision    recall  f1-score   support

           0       0.73      0.90      0.81      6025
           1       0.73      0.93      0.81      1942
           2       0.81      0.90      0.85     11120
           3       0.71      0.92      0.80      3678
           4       0.91      0.60      0.72     87128
           5       0.81      0.87      0.84     12827
           6       0.70      0.92      0.80      5258
           7       0.08      0.93      0.15       508
           8       0.91      0.82      0.86     41014
           9       0.79      0.87      0.83     13943
          10       0.54      0.91      0.68      2654
          11       0.69      0.91      0.78      3295
          12       0.80      0.72      0.76     25834
          13       0.78      0.89      0.83      9555
          14       0.72      0.88      0.80      6058
          15       0.81      0.89      0.85      6571
          16       0.60      0.90      0.72      3825
          17       0.75      0.89      0.81      6346
          18       0.78      0.93      0.85      3912
          19       0.77      0.83      0.80      8542
          20       0.86      0.88      0.87     14500
          21       0.88      0.90      0.89     17444
          22       0.79      0.88      0.84      9481
          23       0.43      0.89      0.58      2795
          24       0.66      0.86      0.74      6474
          25       0.73      0.92      0.82      2816
          26       0.74      0.95      0.83      2732
          27       0.52      0.88      0.65      4212
          28       0.70      0.92      0.80      3153
          29       0.73      0.88      0.80     11889
          30       0.41      0.87      0.56      3129
          31       0.81      0.57      0.67     53927
          32       0.87      0.85      0.86     18086
          33       0.41      0.95      0.57      1204
          34       0.81      0.86      0.84     16893
          35       0.60      0.87      0.71      5710
          36       0.79      0.93      0.85      9312
          37       0.82      0.79      0.80     23263
          38       0.68      0.93      0.79      2058
          39       0.79      0.90      0.84      7321
          40       0.62      0.91      0.74      1587
          41       0.80      0.89      0.84      8854
          42       0.88      0.67      0.76     51724
          43       0.56      0.89      0.69      4502
          44       0.70      0.91      0.79      1991
          45       0.83      0.86      0.85     13361
          46       0.85      0.87      0.86     16424
          47       0.06      0.89      0.11       428
          48       0.42      0.88      0.57      1786
          49       0.86      0.91      0.88     11628
          50       0.43      0.89      0.58      1281

    accuracy                           0.78    590000
   macro avg       0.70      0.87      0.75    590000
weighted avg       0.82      0.78      0.78    590000

459342 590000
0.7785457627118644
Testing set:
100%|██████████| 399/399 [01:01<00:00,  6.50it/s]
              precision    recall  f1-score   support

           0       0.89      0.90      0.90      1000
           1       0.97      0.94      0.95      1000
           2       0.90      0.89      0.89      1000
           3       0.93      0.93      0.93      1000
           4       0.57      0.74      0.64      1000
           5       0.86      0.89      0.87      1000
           6       0.93      0.93      0.93      1000
           7       0.97      0.93      0.95      1000
           8       0.82      0.89      0.85      1000
           9       0.87      0.89      0.88      1000
          10       0.95      0.90      0.93      1000
          11       0.94      0.89      0.91      1000
          12       0.77      0.76      0.76      1000
          13       0.90      0.89      0.89      1000
          14       0.91      0.88      0.90      1000
          15       0.91      0.90      0.90      1000
          16       0.93      0.89      0.91      1000
          17       0.92      0.89      0.90      1000
          18       0.94      0.93      0.94      1000
          19       0.89      0.86      0.88      1000
          20       0.88      0.88      0.88      1000
          21       0.88      0.89      0.89      1000
          22       0.87      0.90      0.89      1000
          23       0.93      0.88      0.91      1000
          24       0.88      0.86      0.87      1000
          25       0.95      0.92      0.93      1000
          26       0.97      0.94      0.96      1000
          27       0.90      0.89      0.89      1000
          28       0.94      0.91      0.93      1000
          29       0.88      0.87      0.87      1000
          30       0.88      0.88      0.88      1000
          31       0.55      0.69      0.61      1000
          32       0.88      0.86      0.87      1000
          33       0.97      0.94      0.95      1000
          34       0.85      0.88      0.86      1000
          35       0.89      0.87      0.88      1000
          36       0.90      0.92      0.91      1000
          37       0.78      0.79      0.79      1000
          38       0.94      0.91      0.93      1000
          39       0.94      0.91      0.92      1000
          40       0.96      0.93      0.95      1000
          41       0.90      0.90      0.90      1000
          42       0.63      0.72      0.67      1000
          43       0.89      0.89      0.89      1000
          44       0.97      0.92      0.94      1000
          45       0.88      0.85      0.86      1000
          46       0.87      0.88      0.87      1000
          47       0.87      0.87      0.87      1000
          48       0.94      0.87      0.90      1000
          49       0.92      0.91      0.92      1000
          50       0.95      0.88      0.91      1000

    accuracy                           0.88     51000
   macro avg       0.89      0.88      0.88     51000
weighted avg       0.89      0.88      0.88     51000

44927 51000
0.880921568627451

Total set:
100%|██████████| 2936698/2936698 [1:02:52<00:00, 778.38it/s]
              precision    recall  f1-score   support

           0       0.73      0.90      0.80     60612
           1       0.73      0.93      0.82     19254
           2       0.81      0.90      0.85    108796
           3       0.72      0.92      0.81     37737
           4       0.91      0.61      0.73    861111
           5       0.82      0.87      0.84    126983
           6       0.70      0.93      0.80     52260
           7       0.10      0.92      0.18      5938
           8       0.91      0.83      0.87    403224
           9       0.79      0.87      0.83    138608
          10       0.56      0.90      0.69     27912
          11       0.69      0.89      0.78     33731
          12       0.80      0.72      0.76    257138
          13       0.79      0.90      0.84     96803
          14       0.73      0.88      0.80     60499
          15       0.81      0.89      0.85     66926
          16       0.61      0.90      0.73     38858
          17       0.76      0.89      0.82     65060
          18       0.80      0.93      0.86     40326
          19       0.78      0.84      0.81     85562
          20       0.86      0.87      0.87    143152
          21       0.88      0.90      0.89    174456
          22       0.79      0.89      0.84     93736
          23       0.46      0.90      0.61     28109
          24       0.67      0.86      0.75     65606
          25       0.76      0.92      0.83     29376
          26       0.73      0.94      0.82     28074
          27       0.53      0.89      0.67     43474
          28       0.72      0.92      0.81     31843
          29       0.74      0.87      0.80    119155
          30       0.44      0.87      0.58     31975
          31       0.81      0.58      0.67    532829
          32       0.87      0.86      0.86    178591
          33       0.47      0.93      0.62     13335
          34       0.82      0.86      0.84    166758
          35       0.62      0.87      0.73     57946
          36       0.79      0.92      0.85     94016
          37       0.82      0.79      0.80    231476
          38       0.69      0.93      0.79     21248
          39       0.80      0.90      0.85     73909
          40       0.65      0.92      0.76     17053
          41       0.80      0.89      0.84     87676
          42       0.88      0.67      0.76    510716
          43       0.58      0.89      0.70     45488
          44       0.71      0.92      0.80     20180
          45       0.83      0.86      0.85    133545
          46       0.85      0.87      0.86    161601
          47       0.08      0.87      0.14      5306
          48       0.45      0.89      0.59     18387
          49       0.86      0.91      0.88    113541
          50       0.45      0.87      0.60     13500

    accuracy                           0.78   5873395
   macro avg       0.70      0.87      0.76   5873395
weighted avg       0.82      0.78      0.79   5873395

4604750 5873395
0.7840014165572041