Total set:
100%|██████████| 5873395/5873395 [3:03:56<00:00, 532.17it/s]  
              precision    recall  f1-score   support

           0       0.86      0.87      0.87     60612
           1       0.91      0.78      0.84     19254
           2       0.87      0.90      0.88    108796
           3       0.88      0.87      0.88     37737
           4       0.81      0.82      0.82    861111
           5       0.88      0.87      0.87    126983
           6       0.88      0.86      0.87     52260
           7       0.84      0.69      0.75      5938
           8       0.87      0.88      0.88    403224
           9       0.87      0.85      0.86    138608
          10       0.89      0.86      0.88     27912
          11       0.88      0.85      0.86     33731
          12       0.82      0.79      0.80    257138
          13       0.88      0.87      0.87     96803
          14       0.87      0.86      0.86     60499
          15       0.87      0.88      0.87     66926
          16       0.87      0.80      0.83     38858
          17       0.89      0.87      0.88     65060
          18       0.89      0.90      0.90     40326
          19       0.83      0.84      0.84     85562
          20       0.89      0.89      0.89    143152
          21       0.90      0.90      0.90    174456
          22       0.84      0.88      0.86     93736
          23       0.86      0.83      0.85     28109
          24       0.85      0.80      0.82     65606
          25       0.90      0.89      0.90     29376
          26       0.91      0.84      0.87     28074
          27       0.84      0.84      0.84     43474
          28       0.85      0.87      0.86     31843
          29       0.85      0.81      0.83    119155
          30       0.87      0.80      0.83     31975
          31       0.74      0.76      0.75    532829
          32       0.88      0.87      0.87    178591
          33       0.88      0.86      0.87     13335
          34       0.86      0.87      0.86    166758
          35       0.87      0.84      0.85     57946
          36       0.88      0.90      0.89     94016
          37       0.85      0.80      0.83    231476
          38       0.87      0.85      0.86     21248
          39       0.88      0.87      0.88     73909
          40       0.88      0.88      0.88     17053
          41       0.86      0.88      0.87     87676
          42       0.78      0.81      0.79    510716
          43       0.83      0.85      0.84     45488
          44       0.87      0.86      0.86     20180
          45       0.88      0.86      0.87    133545
          46       0.88      0.88      0.88    161601
          47       0.75      0.36      0.49      5306
          48       0.82      0.79      0.80     18387
          49       0.89      0.90      0.89    113541
          50       0.84      0.79      0.82     13500

    accuracy                           0.84   5873395
   macro avg       0.86      0.84      0.85   5873395
weighted avg       0.84      0.84      0.84   5873395

4928787 5873395
0.8391717226578496