Validation set:
100%|██████████| 37/37 [03:05<00:00,  5.02s/it]
              precision    recall  f1-score   support

           0       0.86      0.87      0.86      5974
           1       0.91      0.80      0.85      1873
           2       0.88      0.90      0.89     10852
           3       0.88      0.87      0.88      3715
           4       0.82      0.83      0.83     87248
           5       0.88      0.88      0.88     12583
           6       0.89      0.86      0.87      5206
           7       0.81      0.69      0.74       516
           8       0.88      0.88      0.88     40694
           9       0.87      0.85      0.86     14001
          10       0.90      0.86      0.88      2813
          11       0.88      0.85      0.87      3341
          12       0.83      0.80      0.81     25980
          13       0.88      0.87      0.88      9701
          14       0.87      0.86      0.86      6120
          15       0.87      0.88      0.87      6636
          16       0.87      0.80      0.83      3819
          17       0.90      0.87      0.88      6490
          18       0.89      0.91      0.90      3977
          19       0.84      0.85      0.84      8625
          20       0.90      0.89      0.89     14673
          21       0.90      0.90      0.90     17570
          22       0.85      0.89      0.87      9386
          23       0.86      0.83      0.84      2825
          24       0.86      0.80      0.83      6592
          25       0.90      0.89      0.90      2949
          26       0.91      0.84      0.87      2721
          27       0.84      0.84      0.84      4377
          28       0.85      0.88      0.86      3158
          29       0.86      0.82      0.84     11891
          30       0.88      0.80      0.84      3080
          31       0.75      0.77      0.76     53802
          32       0.88      0.87      0.88     17943
          33       0.87      0.89      0.88      1296
          34       0.87      0.87      0.87     16726
          35       0.87      0.85      0.86      5708
          36       0.88      0.91      0.90      9615
          37       0.86      0.81      0.83     23404
          38       0.86      0.86      0.86      2139
          39       0.89      0.87      0.88      7298
          40       0.88      0.90      0.89      1669
          41       0.87      0.88      0.87      8834
          42       0.78      0.82      0.80     51291
          43       0.83      0.86      0.84      4565
          44       0.87      0.87      0.87      1983
          45       0.88      0.86      0.87     13436
          46       0.88      0.89      0.89     16195
          47       0.68      0.32      0.43       425
          48       0.81      0.79      0.80      1705
          49       0.89      0.90      0.90     11312
          50       0.85      0.79      0.82      1268

    accuracy                           0.84    590000
   macro avg       0.86      0.84      0.85    590000
weighted avg       0.85      0.84      0.84    590000

498301 590000
0.8445779661016949
Testing set:
100%|██████████| 4/4 [00:14<00:00,  3.75s/it]
              precision    recall  f1-score   support

           0       0.95      0.86      0.91      1000
           1       0.98      0.82      0.89      1000
           2       0.92      0.90      0.91      1000
           3       0.97      0.88      0.92      1000
           4       0.31      0.83      0.45      1000
           5       0.85      0.87      0.86      1000
           6       0.96      0.86      0.91      1000
           7       0.99      0.70      0.82      1000
           8       0.73      0.89      0.80      1000
           9       0.88      0.87      0.88      1000
          10       0.98      0.86      0.92      1000
          11       0.97      0.86      0.91      1000
          12       0.70      0.79      0.74      1000
          13       0.93      0.88      0.90      1000
          14       0.91      0.84      0.88      1000
          15       0.91      0.88      0.90      1000
          16       0.97      0.78      0.86      1000
          17       0.95      0.87      0.91      1000
          18       0.96      0.91      0.94      1000
          19       0.83      0.86      0.85      1000
          20       0.83      0.90      0.86      1000
          21       0.90      0.92      0.91      1000
          22       0.87      0.88      0.88      1000
          23       0.97      0.85      0.91      1000
          24       0.91      0.80      0.85      1000
          25       0.97      0.90      0.93      1000
          26       0.96      0.84      0.90      1000
          27       0.93      0.83      0.88      1000
          28       0.95      0.88      0.91      1000
          29       0.92      0.83      0.87      1000
          30       0.98      0.79      0.87      1000
          31       0.41      0.77      0.53      1000
          32       0.86      0.87      0.86      1000
          33       0.98      0.89      0.93      1000
          34       0.83      0.86      0.84      1000
          35       0.95      0.84      0.89      1000
          36       0.93      0.91      0.92      1000
          37       0.75      0.82      0.78      1000
          38       0.98      0.84      0.90      1000
          39       0.95      0.87      0.91      1000
          40       0.96      0.89      0.92      1000
          41       0.91      0.86      0.89      1000
          42       0.43      0.81      0.57      1000
          43       0.92      0.86      0.89      1000
          44       0.98      0.87      0.92      1000
          45       0.82      0.87      0.84      1000
          46       0.84      0.88      0.86      1000
          47       0.99      0.35      0.52      1000
          48       0.98      0.81      0.89      1000
          49       0.91      0.89      0.90      1000
          50       0.97      0.80      0.88      1000

    accuracy                           0.84     51000
   macro avg       0.89      0.84      0.85     51000
weighted avg       0.89      0.84      0.85     51000

42988 51000
0.8429019607843137
Total set:
100%|██████████| 5873395/5873395 [3:32:01<00:00, 461.69it/s]  
              precision    recall  f1-score   support

           0       0.87      0.87      0.87     60612
           1       0.91      0.81      0.86     19254
           2       0.88      0.90      0.89    108796
           3       0.89      0.88      0.88     37737
           4       0.82      0.83      0.82    861111
           5       0.88      0.88      0.88    126983
           6       0.89      0.87      0.88     52260
           7       0.84      0.70      0.76      5938
           8       0.88      0.88      0.88    403224
           9       0.87      0.85      0.86    138608
          10       0.90      0.86      0.88     27912
          11       0.88      0.85      0.87     33731
          12       0.82      0.80      0.81    257138
          13       0.88      0.88      0.88     96803
          14       0.87      0.86      0.87     60499
          15       0.87      0.88      0.88     66926
          16       0.88      0.80      0.84     38858
          17       0.90      0.87      0.88     65060
          18       0.89      0.91      0.90     40326
          19       0.83      0.85      0.84     85562
          20       0.89      0.89      0.89    143152
          21       0.90      0.90      0.90    174456
          22       0.85      0.89      0.87     93736
          23       0.86      0.84      0.85     28109
          24       0.86      0.80      0.83     65606
          25       0.90      0.90      0.90     29376
          26       0.91      0.85      0.88     28074
          27       0.84      0.84      0.84     43474
          28       0.85      0.87      0.86     31843
          29       0.86      0.82      0.84    119155
          30       0.88      0.80      0.84     31975
          31       0.75      0.77      0.76    532829
          32       0.88      0.87      0.88    178591
          33       0.88      0.88      0.88     13335
          34       0.87      0.87      0.87    166758
          35       0.87      0.84      0.86     57946
          36       0.88      0.91      0.89     94016
          37       0.86      0.81      0.83    231476
          38       0.87      0.85      0.86     21248
          39       0.89      0.87      0.88     73909
          40       0.88      0.89      0.88     17053
          41       0.87      0.88      0.87     87676
          42       0.78      0.82      0.80    510716
          43       0.84      0.86      0.85     45488
          44       0.87      0.87      0.87     20180
          45       0.88      0.86      0.87    133545
          46       0.89      0.88      0.88    161601
          47       0.77      0.36      0.49      5306
          48       0.83      0.80      0.81     18387
          49       0.90      0.90      0.90    113541
          50       0.85      0.80      0.83     13500

    accuracy                           0.84   5873395
   macro avg       0.87      0.84      0.85   5873395
weighted avg       0.85      0.84      0.84   5873395

4961076 5873395
0.8446692245285733