Validation set:
100%|██████████| 37/37 [02:56<00:00,  4.77s/it]
              precision    recall  f1-score   support

           0       0.77      0.90      0.83      6127
           1       0.80      0.94      0.86      1855
           2       0.80      0.91      0.85     10916
           3       0.75      0.93      0.83      3751
           4       0.90      0.71      0.79     87006
           5       0.80      0.89      0.84     12759
           6       0.73      0.93      0.82      5232
           7       0.34      0.93      0.50       510
           8       0.88      0.86      0.87     40720
           9       0.79      0.89      0.84     13795
          10       0.74      0.90      0.81      2743
          11       0.75      0.91      0.82      3376
          12       0.82      0.74      0.78     26044
          13       0.80      0.90      0.84      9581
          14       0.80      0.88      0.84      6001
          15       0.79      0.91      0.84      6665
          16       0.65      0.91      0.76      3717
          17       0.80      0.89      0.85      6547
          18       0.81      0.94      0.87      4088
          19       0.76      0.85      0.81      8479
          20       0.85      0.89      0.87     14308
          21       0.86      0.90      0.88     17432
          22       0.77      0.90      0.83      9315
          23       0.70      0.89      0.78      2777
          24       0.69      0.88      0.78      6587
          25       0.80      0.92      0.85      2856
          26       0.74      0.95      0.83      2787
          27       0.63      0.89      0.74      4321
          28       0.72      0.93      0.81      3183
          29       0.76      0.88      0.81     12071
          30       0.72      0.85      0.78      3209
          31       0.84      0.63      0.72     53990
          32       0.84      0.87      0.86     18061
          33       0.74      0.93      0.83      1193
          34       0.82      0.87      0.84     16728
          35       0.76      0.87      0.81      5876
          36       0.81      0.93      0.87      9535
          37       0.82      0.80      0.81     23467
          38       0.69      0.93      0.79      2045
          39       0.80      0.91      0.85      7513
          40       0.76      0.92      0.83      1606
          41       0.78      0.90      0.84      8469
          42       0.88      0.71      0.79     51550
          43       0.68      0.89      0.77      4485
          44       0.73      0.93      0.82      1911
          45       0.83      0.86      0.84     13590
          46       0.84      0.88      0.86     16287
          47       0.11      0.84      0.19       429
          48       0.60      0.89      0.71      1739
          49       0.84      0.92      0.88     11463
          50       0.57      0.88      0.69      1305

    accuracy                           0.81    590000
   macro avg       0.75      0.88      0.80    590000
weighted avg       0.83      0.81      0.81    590000

479968 590000
0.8135050847457627
Testing set:
100%|██████████| 4/4 [00:14<00:00,  3.73s/it]
              precision    recall  f1-score   support

           0       0.90      0.91      0.91      1000
           1       0.96      0.93      0.94      1000
           2       0.87      0.91      0.89      1000
           3       0.94      0.91      0.92      1000
           4       0.59      0.70      0.64      1000
           5       0.85      0.88      0.86      1000
           6       0.94      0.92      0.93      1000
           7       0.97      0.95      0.96      1000
           8       0.76      0.85      0.80      1000
           9       0.85      0.91      0.88      1000
          10       0.97      0.89      0.93      1000
          11       0.93      0.90      0.92      1000
          12       0.78      0.75      0.76      1000
          13       0.89      0.90      0.90      1000
          14       0.92      0.88      0.90      1000
          15       0.90      0.92      0.91      1000
          16       0.91      0.89      0.90      1000
          17       0.93      0.89      0.91      1000
          18       0.94      0.94      0.94      1000
          19       0.87      0.86      0.86      1000
          20       0.86      0.88      0.87      1000
          21       0.88      0.91      0.89      1000
          22       0.86      0.91      0.88      1000
          23       0.94      0.89      0.92      1000
          24       0.87      0.86      0.86      1000
          25       0.95      0.92      0.93      1000
          26       0.95      0.95      0.95      1000
          27       0.90      0.89      0.89      1000
          28       0.93      0.93      0.93      1000
          29       0.88      0.85      0.87      1000
          30       0.95      0.83      0.89      1000
          31       0.60      0.66      0.63      1000
          32       0.84      0.87      0.86      1000
          33       0.95      0.93      0.94      1000
          34       0.87      0.88      0.87      1000
          35       0.89      0.86      0.87      1000
          36       0.89      0.92      0.91      1000
          37       0.77      0.79      0.78      1000
          38       0.94      0.93      0.94      1000
          39       0.91      0.90      0.91      1000
          40       0.96      0.92      0.94      1000
          41       0.88      0.90      0.89      1000
          42       0.65      0.69      0.67      1000
          43       0.89      0.87      0.88      1000
          44       0.95      0.93      0.94      1000
          45       0.87      0.86      0.86      1000
          46       0.86      0.88      0.87      1000
          47       0.88      0.87      0.87      1000
          48       0.94      0.89      0.92      1000
          49       0.90      0.94      0.92      1000
          50       0.92      0.87      0.89      1000

    accuracy                           0.88     51000
   macro avg       0.88      0.88      0.88     51000
weighted avg       0.88      0.88      0.88     51000

44873 51000
0.8798627450980392
Total set:
100%|██████████| 5873395/5873395 [3:00:50<00:00, 541.31it/s]  
              precision    recall  f1-score   support

           0       0.77      0.90      0.83     60612
           1       0.80      0.93      0.86     19254
           2       0.80      0.91      0.85    108796
           3       0.76      0.92      0.83     37737
           4       0.90      0.71      0.79    861111
           5       0.80      0.89      0.84    126983
           6       0.73      0.93      0.82     52260
           7       0.38      0.92      0.54      5938
           8       0.88      0.85      0.87    403224
           9       0.79      0.89      0.84    138608
          10       0.75      0.90      0.82     27912
          11       0.75      0.90      0.82     33731
          12       0.83      0.75      0.79    257138
          13       0.80      0.90      0.85     96803
          14       0.81      0.88      0.84     60499
          15       0.78      0.90      0.84     66926
          16       0.66      0.91      0.76     38858
          17       0.81      0.89      0.85     65060
          18       0.80      0.94      0.87     40326
          19       0.77      0.86      0.81     85562
          20       0.85      0.89      0.87    143152
          21       0.86      0.90      0.88    174456
          22       0.78      0.90      0.83     93736
          23       0.71      0.89      0.79     28109
          24       0.70      0.87      0.78     65606
          25       0.81      0.92      0.86     29376
          26       0.74      0.95      0.83     28074
          27       0.63      0.89      0.74     43474
          28       0.72      0.93      0.81     31843
          29       0.75      0.88      0.81    119155
          30       0.71      0.85      0.77     31975
          31       0.84      0.63      0.72    532829
          32       0.84      0.87      0.86    178591
          33       0.77      0.93      0.84     13335
          34       0.82      0.87      0.84    166758
          35       0.75      0.87      0.80     57946
          36       0.81      0.93      0.86     94016
          37       0.82      0.80      0.81    231476
          38       0.70      0.93      0.80     21248
          39       0.79      0.91      0.85     73909
          40       0.77      0.92      0.84     17053
          41       0.79      0.90      0.84     87676
          42       0.88      0.71      0.79    510716
          43       0.69      0.89      0.78     45488
          44       0.74      0.93      0.82     20180
          45       0.82      0.86      0.84    133545
          46       0.84      0.88      0.86    161601
          47       0.13      0.87      0.23      5306
          48       0.61      0.88      0.72     18387
          49       0.84      0.92      0.88    113541
          50       0.57      0.88      0.70     13500

    accuracy                           0.81   5873395
   macro avg       0.75      0.88      0.80   5873395
weighted avg       0.83      0.81      0.81   5873395

4780183 5873395
0.8138705127102809