Validation set:
100%|██████████| 37/37 [03:01<00:00,  4.89s/it]
              precision    recall  f1-score   support

           0       0.87      0.87      0.87      6063
           1       0.90      0.81      0.86      1828
           2       0.88      0.90      0.89     10890
           3       0.88      0.88      0.88      3754
           4       0.82      0.83      0.83     86909
           5       0.88      0.88      0.88     12699
           6       0.89      0.87      0.88      5304
           7       0.82      0.72      0.76       481
           8       0.88      0.88      0.88     40361
           9       0.88      0.86      0.87     13990
          10       0.89      0.86      0.88      2732
          11       0.87      0.85      0.86      3307
          12       0.82      0.79      0.81     25892
          13       0.88      0.87      0.88      9709
          14       0.87      0.86      0.87      5961
          15       0.87      0.88      0.88      6726
          16       0.88      0.82      0.85      3888
          17       0.89      0.88      0.88      6404
          18       0.89      0.92      0.90      3987
          19       0.84      0.85      0.84      8653
          20       0.89      0.89      0.89     14467
          21       0.90      0.90      0.90     17740
          22       0.85      0.89      0.87      9494
          23       0.85      0.84      0.85      2791
          24       0.85      0.80      0.82      6617
          25       0.90      0.89      0.90      2854
          26       0.90      0.86      0.88      2730
          27       0.83      0.85      0.84      4265
          28       0.84      0.87      0.86      3100
          29       0.85      0.82      0.84     11857
          30       0.88      0.81      0.84      3045
          31       0.75      0.77      0.76     53964
          32       0.88      0.87      0.87     17988
          33       0.88      0.89      0.89      1343
          34       0.87      0.87      0.87     16872
          35       0.88      0.84      0.86      5879
          36       0.88      0.90      0.89      9509
          37       0.86      0.81      0.83     23272
          38       0.85      0.86      0.86      2081
          39       0.88      0.87      0.88      7350
          40       0.87      0.90      0.89      1617
          41       0.86      0.88      0.87      8819
          42       0.79      0.82      0.80     51593
          43       0.84      0.86      0.85      4581
          44       0.86      0.87      0.86      1905
          45       0.88      0.86      0.87     13507
          46       0.89      0.88      0.89     16442
          47       0.79      0.36      0.50       478
          48       0.81      0.81      0.81      1718
          49       0.90      0.90      0.90     11317
          50       0.84      0.79      0.82      1267

    accuracy                           0.84    590000
   macro avg       0.86      0.85      0.85    590000
weighted avg       0.85      0.84      0.84    590000

498312 590000
0.8445966101694915
Testing set:
100%|██████████| 4/4 [00:13<00:00,  3.39s/it]
              precision    recall  f1-score   support

           0       0.93      0.86      0.90      1000
           1       0.99      0.79      0.88      1000
           2       0.91      0.89      0.90      1000
           3       0.96      0.90      0.93      1000
           4       0.32      0.84      0.46      1000
           5       0.86      0.89      0.87      1000
           6       0.96      0.89      0.92      1000
           7       0.99      0.68      0.80      1000
           8       0.71      0.89      0.79      1000
           9       0.88      0.87      0.87      1000
          10       0.99      0.86      0.92      1000
          11       0.96      0.85      0.90      1000
          12       0.70      0.78      0.74      1000
          13       0.92      0.88      0.90      1000
          14       0.92      0.85      0.89      1000
          15       0.93      0.88      0.90      1000
          16       0.96      0.80      0.87      1000
          17       0.95      0.88      0.91      1000
          18       0.96      0.91      0.94      1000
          19       0.83      0.85      0.84      1000
          20       0.84      0.90      0.87      1000
          21       0.89      0.89      0.89      1000
          22       0.87      0.90      0.88      1000
          23       0.97      0.83      0.89      1000
          24       0.94      0.78      0.85      1000
          25       0.96      0.90      0.93      1000
          26       0.98      0.82      0.89      1000
          27       0.94      0.84      0.89      1000
          28       0.95      0.88      0.91      1000
          29       0.92      0.82      0.87      1000
          30       0.97      0.81      0.88      1000
          31       0.40      0.78      0.53      1000
          32       0.86      0.89      0.88      1000
          33       0.98      0.86      0.92      1000
          34       0.83      0.86      0.85      1000
          35       0.95      0.84      0.89      1000
          36       0.92      0.91      0.92      1000
          37       0.74      0.82      0.78      1000
          38       0.97      0.85      0.91      1000
          39       0.95      0.86      0.90      1000
          40       0.96      0.90      0.93      1000
          41       0.92      0.88      0.90      1000
          42       0.43      0.81      0.56      1000
          43       0.94      0.86      0.90      1000
          44       0.98      0.86      0.92      1000
          45       0.83      0.86      0.85      1000
          46       0.86      0.88      0.87      1000
          47       0.99      0.35      0.52      1000
          48       0.97      0.81      0.88      1000
          49       0.93      0.91      0.92      1000
          50       0.98      0.83      0.90      1000

    accuracy                           0.84     51000
   macro avg       0.89      0.84      0.85     51000
weighted avg       0.89      0.84      0.85     51000

43011 51000
0.8433529411764706
Total set:
100%|██████████| 2936698/2936698 [34:16<00:00, 1427.84it/s]
              precision    recall  f1-score   support

           0       0.86      0.87      0.87     60612
           1       0.92      0.90      0.91     19254
           2       0.87      0.90      0.89    108796
           3       0.88      0.87      0.88     37737
           4       0.81      0.82      0.82    861111
           5       0.86      0.89      0.88    126983
           6       0.86      0.88      0.87     52260
           7       0.87      0.60      0.71      5938
           8       0.87      0.89      0.88    403224
           9       0.81      0.89      0.85    138608
          10       0.90      0.85      0.88     27912
          11       0.89      0.83      0.86     33731
          12       0.81      0.79      0.80    257138
          13       0.86      0.88      0.87     96803
          14       0.88      0.84      0.86     60499
          15       0.85      0.89      0.87     66926
          16       0.84      0.83      0.83     38858
          17       0.89      0.87      0.88     65060
          18       0.89      0.88      0.89     40326
          19       0.82      0.87      0.84     85562
          20       0.85      0.91      0.88    143152
          21       0.91      0.89      0.90    174456
          22       0.85      0.88      0.86     93736
          23       0.87      0.81      0.84     28109
          24       0.87      0.78      0.82     65606
          25       0.89      0.90      0.89     29376
          26       0.92      0.78      0.84     28074
          27       0.85      0.83      0.84     43474
          28       0.82      0.88      0.85     31843
          29       0.83      0.85      0.84    119155
          30       0.86      0.81      0.83     31975
          31       0.79      0.71      0.75    532829
          32       0.86      0.88      0.87    178591
          33       0.89      0.84      0.87     13335
          34       0.86      0.87      0.87    166758
          35       0.89      0.82      0.85     57946
          36       0.88      0.90      0.89     94016
          37       0.80      0.83      0.82    231476
          38       0.87      0.81      0.84     21248
          39       0.86      0.89      0.87     73909
          40       0.88      0.88      0.88     17053
          41       0.83      0.89      0.86     87676
          42       0.79      0.80      0.80    510716
          43       0.84      0.85      0.84     45488
          44       0.84      0.89      0.87     20180
          45       0.86      0.87      0.87    133545
          46       0.89      0.87      0.88    161601
          47       0.79      0.15      0.26      5306
          48       0.80      0.82      0.81     18387
          49       0.88      0.91      0.90    113541
          50       0.88      0.74      0.80     13500

    accuracy                           0.84   5873395
   macro avg       0.86      0.84      0.84   5873395
weighted avg       0.84      0.84      0.84   5873395

4928523 5873395
0.8391267742081028

min_loss 56.64784854550916