100%|██████████| 15/15 [00:56<00:00,  3.74s/it]Epoch: 000, Loss: 0.0000, Test: 0.8756, Time: 000 min 56 sec
Final Test: 0.0000


filename = './saint_newcity_truelabel_A_to_A_infer_A_id_y_pred_51probability.csv'
id_total, y_total, pred_total, out_total = output_infer(total_labeled_loader, filename)

100%|██████████| 132/132 [08:29<00:00,  3.86s/it]
              precision    recall  f1-score   support

           0       0.90      0.86      0.88     27907
           1       0.94      0.88      0.91      8324
           2       0.91      0.89      0.90     56288
           3       0.84      0.83      0.83     10869
           4       0.85      0.91      0.88    252922
           5       0.91      0.89      0.90     45043
           6       0.81      0.81      0.81      4796
           7       0.86      0.80      0.83      3760
           8       0.89      0.91      0.90    203544
           9       0.87      0.86      0.86     44859
          10       0.94      0.88      0.91     25969
          11       0.93      0.89      0.91     25502
          12       0.88      0.88      0.88    120819
          13       0.89      0.88      0.89     50521
          14       0.90      0.86      0.88     28872
          15       0.91      0.88      0.89     23206
          16       0.88      0.81      0.84     12856
          17       0.93      0.89      0.91     47353
          18       0.86      0.79      0.82      4787
          19       0.83      0.79      0.81     30884
          20       0.85      0.84      0.85     13084
          21       0.92      0.91      0.92     69652
          22       0.88      0.89      0.89     30654
          23       0.92      0.84      0.88     10642
          24       0.87      0.73      0.79     20231
          25       0.93      0.91      0.92     17009
          26       0.88      0.83      0.85      8893
          27       0.84      0.76      0.80      4256
          28       0.86      0.77      0.81      1388
          29       0.86      0.84      0.85     46598
          30       0.94      0.88      0.91     21613
          31       0.82      0.87      0.85    175611
          32       0.89      0.87      0.88     54721
          33       0.91      0.85      0.88      6255
          34       0.87      0.85      0.86     40344
          35       0.90      0.86      0.88     38480
          36       0.90      0.89      0.89     24246
          37       0.87      0.89      0.88     82160
          38       0.88      0.78      0.83      3361
          39       0.91      0.87      0.89     30984
          40       0.92      0.86      0.89     10389
          41       0.89      0.85      0.87     16198
          42       0.89      0.88      0.88    127645
          43       0.88      0.86      0.87     27648
          44       0.82      0.82      0.82      7521
          45       0.87      0.86      0.86     40355
          46       0.92      0.91      0.91     97228
          47       0.86      0.73      0.79      7163
          48       0.93      0.90      0.92     45665
          49       0.92      0.86      0.89      5058
          50       0.52      0.57      0.54     33266

    accuracy                           0.88   2147399
   macro avg       0.88      0.85      0.86   2147399
weighted avg       0.88      0.88      0.88   2147399

correct_sum 1880002 mask_sum 2147399 correct_sum / mask_sum 0.8754786604631929
len(output_list) 2147399
len(output_list[0]) 54
outdf.shape (2147399, 54)
outdf[0:1]            0   1   2         3          4          5          6          7   \
0  4846711747   4   4 -43.14917 -65.985817 -37.239239 -92.119415  68.902504   

         8          9   ...         44         45         46         47  \
0 -64.24218 -70.739037  ... -50.039726 -21.131866 -80.304565 -69.681694   

          48         49         50         51         52         53  
0 -64.214737 -27.306257 -36.636169 -52.023991 -73.703651  36.145718  

[1 rows x 54 columns]




filename = './saint_newcity_truelabel_A_to_A_infer_AB_id_y_pred_51probability.csv'
output_infer(total_data_loader, filename)


              precision    recall  f1-score   support

          -1       0.00      0.00      0.00   3725996
           0       0.34      0.86      0.48     27907
           1       0.44      0.88      0.59      8324
           2       0.41      0.89      0.57     56288
           3       0.25      0.83      0.39     10869
           4       0.31      0.91      0.46    252922
           5       0.33      0.89      0.48     45043
           6       0.17      0.81      0.28      4796
           7       0.25      0.80      0.38      3760
           8       0.42      0.91      0.57    203544
           9       0.29      0.86      0.43     44859
          10       0.73      0.88      0.80     25969
          11       0.56      0.89      0.69     25502
          12       0.39      0.88      0.54    120819
          13       0.37      0.88      0.52     50521
          14       0.34      0.86      0.49     28872
          15       0.32      0.88      0.47     23206
          16       0.21      0.81      0.33     12856
          17       0.55      0.89      0.68     47353
          18       0.22      0.79      0.34      4787
          19       0.32      0.79      0.45     30884
          20       0.21      0.84      0.34     13084
          21       0.36      0.91      0.52     69652
          22       0.26      0.89      0.40     30654
          23       0.32      0.84      0.46     10642
          24       0.29      0.73      0.41     20231
          25       0.50      0.91      0.64     17009
          26       0.22      0.83      0.34      8893
          27       0.15      0.76      0.25      4256
          28       0.18      0.77      0.30      1388
          29       0.32      0.84      0.46     46598
          30       0.57      0.88      0.69     21613
          31       0.31      0.87      0.46    175611
          32       0.33      0.87      0.48     54721
          33       0.35      0.85      0.50      6255
          34       0.22      0.85      0.35     40344
          35       0.48      0.86      0.62     38480
          36       0.28      0.89      0.42     24246
          37       0.36      0.89      0.51     82160
          38       0.15      0.78      0.25      3361
          39       0.32      0.87      0.46     30984
          40       0.40      0.86      0.55     10389
          41       0.21      0.85      0.33     16198
          42       0.33      0.88      0.48    127645
          43       0.43      0.86      0.58     27648
          44       0.25      0.82      0.39      7521
          45       0.29      0.86      0.43     40355
          46       0.47      0.91      0.62     97228
          47       0.25      0.73      0.38      7163
          48       0.37      0.90      0.53     45665
          49       0.38      0.86      0.53      5058
          50       0.04      0.57      0.08     33266

    accuracy                           0.32   5873395
   macro avg       0.32      0.83      0.46   5873395
weighted avg       0.13      0.32      0.18   5873395

correct_sum 1880002 mask_sum 5873395 correct_sum / mask_sum 0.3200877856844295
len(output_list) 5873395
len(output_list[0]) 54
outdf.shape (5873395, 54)
outdf[0:1]            0   1   2         3          4          5          6          7   \
0  4846711747   4   4 -43.14917 -65.985817 -37.239239 -92.119415  68.902504   

         8          9   ...         44         45         46         47  \
0 -64.24218 -70.739037  ... -50.039726 -21.131866 -80.304565 -69.681694   

          48         49         50         51         52         53  
0 -64.214737 -27.306257 -36.636169 -52.023991 -73.703651  36.145718  