Validation set:
100%|██████████| 19/19 [01:59<00:00,  6.30s/it]
              precision    recall  f1-score   support

           0       0.79      0.89      0.84      5976
           1       0.85      0.93      0.89      1894
           2       0.83      0.91      0.87     10878
           3       0.78      0.90      0.84      3688
           4       0.88      0.73      0.80     87212
           5       0.83      0.89      0.86     12824
           6       0.75      0.92      0.83      5100
           7       0.40      0.87      0.55       538
           8       0.88      0.87      0.87     40811
           9       0.78      0.89      0.83     14059
          10       0.81      0.89      0.85      2711
          11       0.77      0.89      0.82      3305
          12       0.82      0.76      0.79     25912
          13       0.80      0.89      0.85      9698
          14       0.84      0.88      0.86      6038
          15       0.82      0.89      0.85      6674
          16       0.69      0.89      0.78      3841
          17       0.82      0.89      0.85      6526
          18       0.83      0.93      0.88      3973
          19       0.78      0.87      0.82      8514
          20       0.86      0.89      0.87     14648
          21       0.87      0.90      0.89     17646
          22       0.79      0.90      0.84      9430
          23       0.74      0.89      0.80      2740
          24       0.73      0.86      0.79      6553
          25       0.82      0.91      0.86      2974
          26       0.74      0.94      0.83      2703
          27       0.71      0.86      0.77      4246
          28       0.72      0.91      0.80      3061
          29       0.80      0.86      0.83     11868
          30       0.77      0.83      0.80      3119
          31       0.80      0.66      0.72     53583
          32       0.84      0.88      0.86     18098
          33       0.77      0.92      0.84      1222
          34       0.82      0.87      0.84     16686
          35       0.79      0.85      0.82      5769
          36       0.82      0.93      0.87      9513
          37       0.80      0.82      0.81     23348
          38       0.74      0.91      0.81      2002
          39       0.81      0.91      0.86      7414
          40       0.81      0.92      0.86      1666
          41       0.79      0.90      0.84      8843
          42       0.86      0.74      0.79     51550
          43       0.73      0.88      0.80      4546
          44       0.77      0.91      0.84      1955
          45       0.85      0.85      0.85     13338
          46       0.88      0.87      0.87     16391
          47       0.09      0.78      0.17       476
          48       0.66      0.86      0.75      1705
          49       0.85      0.92      0.88     11483
          50       0.56      0.85      0.68      1252

    accuracy                           0.82    590000
   macro avg       0.77      0.87      0.81    590000
weighted avg       0.83      0.82      0.82    590000

483442 590000
0.8193932203389831
Testing set:
100%|██████████| 1/1 [00:08<00:00,  8.19s/it]
              precision    recall  f1-score   support

           0       0.92      0.89      0.90      1000
           1       0.97      0.92      0.94      1000
           2       0.90      0.91      0.90      1000
           3       0.95      0.90      0.93      1000
           4       0.52      0.74      0.61      1000
           5       0.83      0.89      0.86      1000
           6       0.93      0.93      0.93      1000
           7       0.97      0.88      0.93      1000
           8       0.76      0.86      0.81      1000
           9       0.84      0.89      0.86      1000
          10       0.97      0.87      0.92      1000
          11       0.94      0.88      0.91      1000
          12       0.75      0.76      0.76      1000
          13       0.89      0.90      0.90      1000
          14       0.92      0.87      0.90      1000
          15       0.92      0.89      0.90      1000
          16       0.92      0.89      0.91      1000
          17       0.93      0.88      0.90      1000
          18       0.95      0.92      0.94      1000
          19       0.84      0.88      0.86      1000
          20       0.85      0.90      0.87      1000
          21       0.87      0.90      0.88      1000
          22       0.87      0.90      0.88      1000
          23       0.94      0.88      0.91      1000
          24       0.90      0.86      0.88      1000
          25       0.96      0.92      0.94      1000
          26       0.95      0.93      0.94      1000
          27       0.94      0.87      0.90      1000
          28       0.91      0.93      0.92      1000
          29       0.88      0.85      0.87      1000
          30       0.96      0.83      0.89      1000
          31       0.53      0.64      0.58      1000
          32       0.85      0.88      0.86      1000
          33       0.97      0.91      0.94      1000
          34       0.86      0.87      0.87      1000
          35       0.90      0.85      0.88      1000
          36       0.90      0.93      0.92      1000
          37       0.72      0.80      0.76      1000
          38       0.96      0.90      0.93      1000
          39       0.93      0.91      0.92      1000
          40       0.96      0.91      0.94      1000
          41       0.89      0.90      0.89      1000
          42       0.59      0.74      0.66      1000
          43       0.90      0.87      0.89      1000
          44       0.97      0.92      0.94      1000
          45       0.87      0.87      0.87      1000
          46       0.85      0.87      0.86      1000
          47       0.85      0.80      0.82      1000
          48       0.95      0.86      0.90      1000
          49       0.91      0.91      0.91      1000
          50       0.94      0.87      0.90      1000

    accuracy                           0.87     51000
   macro avg       0.88      0.87      0.88     51000
weighted avg       0.88      0.87      0.88     51000

44518 51000
0.8729019607843137
Total set:
100%|██████████| 2936698/2936698 [33:27<00:00, 1463.08it/s]
              precision    recall  f1-score   support

           0       0.81      0.89      0.85     60612
           1       0.86      0.92      0.89     19254
           2       0.83      0.90      0.87    108796
           3       0.79      0.91      0.84     37737
           4       0.89      0.72      0.79    861111
           5       0.82      0.89      0.86    126983
           6       0.77      0.92      0.84     52260
           7       0.54      0.84      0.66      5938
           8       0.88      0.86      0.87    403224
           9       0.79      0.89      0.83    138608
          10       0.83      0.88      0.86     27912
          11       0.73      0.89      0.80     33731
          12       0.77      0.77      0.77    257138
          13       0.82      0.89      0.85     96803
          14       0.85      0.87      0.86     60499
          15       0.82      0.89      0.85     66926
          16       0.70      0.88      0.78     38858
          17       0.83      0.89      0.86     65060
          18       0.45      0.94      0.61     40326
          19       0.80      0.85      0.82     85562
          20       0.86      0.89      0.87    143152
          21       0.88      0.89      0.89    174456
          22       0.80      0.88      0.84     93736
          23       0.76      0.87      0.81     28109
          24       0.76      0.84      0.80     65606
          25       0.81      0.92      0.86     29376
          26       0.76      0.93      0.84     28074
          27       0.68      0.87      0.77     43474
          28       0.74      0.92      0.82     31843
          29       0.80      0.85      0.83    119155
          30       0.79      0.82      0.81     31975
          31       0.79      0.66      0.72    532829
          32       0.85      0.87      0.86    178591
          33       0.80      0.91      0.86     13335
          34       0.78      0.88      0.83    166758
          35       0.82      0.85      0.83     57946
          36       0.82      0.92      0.87     94016
          37       0.80      0.81      0.81    231476
          38       0.76      0.91      0.83     21248
          39       0.79      0.91      0.84     73909
          40       0.65      0.91      0.76     17053
          41       0.79      0.90      0.84     87676
          42       0.86      0.72      0.78    510716
          43       0.77      0.86      0.81     45488
          44       0.78      0.91      0.84     20180
          45       0.84      0.86      0.85    133545
          46       0.87      0.86      0.87    161601
          47       0.15      0.80      0.25      5306
          48       0.68      0.85      0.75     18387
          49       0.86      0.91      0.88    113541
          50       0.75      0.82      0.78     13500

    accuracy                           0.82   5873395
   macro avg       0.77      0.87      0.81   5873395
weighted avg       0.82      0.82      0.82   5873395

4788221 5873395
0.8152390567976443