Validation set:
100%|██████████| 73/73 [02:59<00:00,  2.46s/it]
              precision    recall  f1-score   support

           0       0.80      0.87      0.84      6086
           1       0.85      0.91      0.88      1844
           2       0.83      0.90      0.86     10897
           3       0.80      0.90      0.85      3842
           4       0.88      0.72      0.79     87857
           5       0.80      0.89      0.84     12601
           6       0.77      0.91      0.83      5278
           7       0.39      0.90      0.54       518
           8       0.87      0.86      0.86     40899
           9       0.79      0.87      0.83     13973
          10       0.80      0.87      0.83      2668
          11       0.73      0.88      0.80      3347
          12       0.80      0.75      0.77     25897
          13       0.83      0.88      0.85      9730
          14       0.80      0.87      0.84      6029
          15       0.80      0.89      0.84      6477
          16       0.69      0.86      0.77      3913
          17       0.84      0.88      0.86      6358
          18       0.83      0.92      0.87      3955
          19       0.77      0.86      0.81      8676
          20       0.86      0.88      0.87     14486
          21       0.87      0.89      0.88     17496
          22       0.80      0.89      0.84      9330
          23       0.72      0.88      0.79      2659
          24       0.70      0.85      0.77      6562
          25       0.82      0.91      0.86      2865
          26       0.74      0.93      0.82      2769
          27       0.67      0.87      0.76      4311
          28       0.74      0.91      0.82      3101
          29       0.78      0.86      0.82     12150
          30       0.78      0.82      0.80      3198
          31       0.79      0.64      0.71     53869
          32       0.85      0.86      0.85     17973
          33       0.76      0.93      0.84      1225
          34       0.81      0.87      0.84     16803
          35       0.77      0.86      0.81      5727
          36       0.80      0.92      0.85      9549
          37       0.82      0.79      0.81     23047
          38       0.74      0.90      0.82      2022
          39       0.80      0.90      0.85      7312
          40       0.78      0.89      0.83      1595
          41       0.76      0.89      0.82      8779
          42       0.82      0.74      0.78     51359
          43       0.75      0.87      0.81      4464
          44       0.75      0.92      0.83      1994
          45       0.83      0.86      0.85     13469
          46       0.83      0.88      0.85     16017
          47       0.14      0.80      0.24       413
          48       0.63      0.85      0.72      1835
          49       0.86      0.91      0.88     11473
          50       0.64      0.83      0.72      1303

    accuracy                           0.81    590000
   macro avg       0.77      0.87      0.81    590000
weighted avg       0.82      0.81      0.81    590000

479474 590000
0.8126677966101695
Testing set:
100%|██████████| 7/7 [00:14<00:00,  2.11s/it]
              precision    recall  f1-score   support

           0       0.93      0.88      0.90      1000
           1       0.97      0.92      0.94      1000
           2       0.90      0.90      0.90      1000
           3       0.95      0.92      0.93      1000
           4       0.53      0.72      0.61      1000
           5       0.80      0.90      0.85      1000
           6       0.95      0.92      0.93      1000
           7       0.97      0.90      0.93      1000
           8       0.74      0.87      0.80      1000
           9       0.85      0.86      0.85      1000
          10       0.97      0.86      0.91      1000
          11       0.94      0.89      0.91      1000
          12       0.73      0.75      0.74      1000
          13       0.92      0.90      0.91      1000
          14       0.90      0.88      0.89      1000
          15       0.89      0.89      0.89      1000
          16       0.93      0.86      0.89      1000
          17       0.94      0.89      0.91      1000
          18       0.94      0.93      0.94      1000
          19       0.82      0.88      0.85      1000
          20       0.84      0.87      0.86      1000
          21       0.87      0.91      0.89      1000
          22       0.86      0.88      0.87      1000
          23       0.95      0.89      0.92      1000
          24       0.89      0.85      0.87      1000
          25       0.94      0.92      0.93      1000
          26       0.95      0.91      0.93      1000
          27       0.91      0.88      0.90      1000
          28       0.91      0.92      0.91      1000
          29       0.89      0.86      0.88      1000
          30       0.96      0.82      0.88      1000
          31       0.52      0.62      0.56      1000
          32       0.85      0.86      0.86      1000
          33       0.96      0.92      0.94      1000
          34       0.83      0.88      0.85      1000
          35       0.88      0.86      0.87      1000
          36       0.88      0.92      0.90      1000
          37       0.76      0.79      0.78      1000
          38       0.95      0.89      0.92      1000
          39       0.91      0.90      0.91      1000
          40       0.94      0.91      0.92      1000
          41       0.87      0.91      0.89      1000
          42       0.53      0.71      0.61      1000
          43       0.90      0.86      0.88      1000
          44       0.96      0.92      0.94      1000
          45       0.85      0.85      0.85      1000
          46       0.85      0.87      0.86      1000
          47       0.91      0.75      0.82      1000
          48       0.93      0.85      0.89      1000
          49       0.90      0.91      0.91      1000
          50       0.96      0.81      0.88      1000

    accuracy                           0.87     51000
   macro avg       0.88      0.87      0.87     51000
weighted avg       0.88      0.87      0.87     51000

44209 51000
0.8668431372549019
Total set:
100%|██████████| 5873395/5873395 [3:17:59<00:00, 494.40it/s]  
              precision    recall  f1-score   support

           0       0.81      0.88      0.85     60612
           1       0.85      0.92      0.88     19254
           2       0.83      0.90      0.86    108796
           3       0.79      0.90      0.84     37737
           4       0.88      0.72      0.79    861111
           5       0.80      0.90      0.84    126983
           6       0.76      0.91      0.83     52260
           7       0.40      0.88      0.55      5938
           8       0.87      0.86      0.86    403224
           9       0.79      0.87      0.83    138608
          10       0.80      0.88      0.84     27912
          11       0.74      0.88      0.81     33731
          12       0.80      0.75      0.77    257138
          13       0.83      0.87      0.85     96803
          14       0.81      0.87      0.84     60499
          15       0.81      0.89      0.85     66926
          16       0.69      0.87      0.77     38858
          17       0.84      0.88      0.86     65060
          18       0.83      0.93      0.88     40326
          19       0.77      0.86      0.81     85562
          20       0.86      0.88      0.87    143152
          21       0.87      0.90      0.88    174456
          22       0.79      0.88      0.83     93736
          23       0.72      0.88      0.79     28109
          24       0.70      0.85      0.77     65606
          25       0.82      0.91      0.86     29376
          26       0.75      0.93      0.83     28074
          27       0.68      0.87      0.76     43474
          28       0.74      0.91      0.82     31843
          29       0.78      0.86      0.82    119155
          30       0.77      0.82      0.79     31975
          31       0.79      0.64      0.70    532829
          32       0.84      0.86      0.85    178591
          33       0.77      0.92      0.84     13335
          34       0.81      0.87      0.84    166758
          35       0.78      0.85      0.81     57946
          36       0.79      0.92      0.85     94016
          37       0.83      0.79      0.81    231476
          38       0.76      0.90      0.83     21248
          39       0.81      0.90      0.85     73909
          40       0.79      0.91      0.84     17053
          41       0.77      0.89      0.82     87676
          42       0.82      0.74      0.78    510716
          43       0.74      0.87      0.80     45488
          44       0.76      0.91      0.83     20180
          45       0.83      0.86      0.84    133545
          46       0.83      0.87      0.85    161601
          47       0.17      0.76      0.28      5306
          48       0.63      0.85      0.73     18387
          49       0.86      0.91      0.88    113541
          50       0.68      0.82      0.74     13500

    accuracy                           0.81   5873395
   macro avg       0.77      0.87      0.81   5873395
weighted avg       0.82      0.81      0.81   5873395

4773175 5873395
0.8126773356806413