100%|██████████| 15/15 [00:49<00:00,  3.31s/it]Epoch: 000, Loss: 0.0000, Test: 0.8937, Time: 000 min 50 sec
Final Test: 0.0000

filename = './saint_newcity_truelabel_A_to_A_no_centers_48_infer_A_id_y_pred_51probability.csv'
id_total, y_total, pred_total, out_total = output_infer(total_labeled_loader, filename)

100%|██████████| 98/98 [05:33<00:00,  3.40s/it]
              precision    recall  f1-score   support

           0       0.91      0.87      0.89     27907
           1       0.94      0.90      0.92      8324
           2       0.92      0.91      0.92     56288
           3       0.87      0.85      0.86     10869
           4       0.90      0.91      0.91     45043
           5       0.86      0.81      0.83      4796
           6       0.89      0.80      0.84      3760
           7       0.89      0.93      0.91    203544
           8       0.85      0.88      0.87     44859
           9       0.94      0.91      0.93     25969
          10       0.93      0.91      0.92     25502
          11       0.88      0.90      0.89    120819
          12       0.92      0.89      0.90     50521
          13       0.91      0.88      0.89     28872
          14       0.91      0.89      0.90     23206
          15       0.87      0.83      0.85     12856
          16       0.94      0.90      0.92     47353
          17       0.85      0.84      0.85      4787
          18       0.85      0.82      0.84     30884
          19       0.85      0.86      0.85     13084
          20       0.91      0.93      0.92     69652
          21       0.90      0.90      0.90     30654
          22       0.92      0.85      0.89     10642
          23       0.88      0.85      0.87     20231
          24       0.92      0.92      0.92     17009
          25       0.89      0.83      0.86      8893
          26       0.91      0.78      0.84      4256
          27       0.86      0.80      0.83      1388
          28       0.86      0.89      0.88     46598
          29       0.96      0.90      0.93     21613
          30       0.90      0.90      0.90     54721
          31       0.91      0.87      0.89      6255
          32       0.88      0.87      0.87     40344
          33       0.89      0.88      0.89     38480
          34       0.91      0.90      0.90     24246
          35       0.87      0.90      0.89     82160
          36       0.73      0.84      0.78      3361
          37       0.91      0.88      0.90     30984
          38       0.92      0.88      0.90     10389
          39       0.89      0.87      0.88     16198
          40       0.89      0.88      0.88     27648
          41       0.85      0.83      0.84      7521
          42       0.87      0.87      0.87     40355
          43       0.92      0.92      0.92     97228
          44       0.88      0.78      0.83      7163
          45       0.92      0.92      0.92     45665
          46       0.94      0.87      0.90      5058
          47       0.80      0.79      0.80     33266

    accuracy                           0.89   1591221
   macro avg       0.89      0.87      0.88   1591221
weighted avg       0.89      0.89      0.89   1591221

correct_sum 1423449 mask_sum 1591221 correct_sum / mask_sum 0.8945639857694185
len(output_list) 1591221
len(output_list[0]) 51
outdf.shape (1591221, 51)
outdf[0:1]            0   1   2         3         4         5         6         7   \
0  5340039981  42  42 -2.673743 -5.526596 -3.622263 -4.445457 -2.452327   

         8         9   ...        41        42        43        44        45  \
0 -3.465319 -3.513169  ... -5.052796 -3.192376 -2.222939 -5.006405  5.589251   

         46        47        48        49        50  
0 -0.488173 -1.810175 -5.682507 -5.187936  1.487216  

[1 rows x 51 columns]


filename = './saint_newcity_truelabel_A_to_A_no_centers_48_infer_AB_id_y_pred_51probability.csv'
id_total, y_total, pred_total, out_total = output_infer(total_data_loader, filename)


              precision    recall  f1-score   support

          -1       0.00      0.00      0.00   4282174
           0       0.27      0.87      0.41     27907
           1       0.36      0.90      0.52      8324
           2       0.30      0.91      0.45     56288
           3       0.19      0.85      0.32     10869
           4       0.23      0.91      0.37     45043
           5       0.15      0.81      0.25      4796
           6       0.25      0.80      0.38      3760
           7       0.27      0.93      0.42    203544
           8       0.22      0.88      0.35     44859
           9       0.45      0.91      0.60     25969
          10       0.42      0.91      0.58     25502
          11       0.22      0.90      0.35    120819
          12       0.26      0.89      0.41     50521
          13       0.27      0.88      0.41     28872
          14       0.23      0.89      0.37     23206
          15       0.18      0.83      0.29     12856
          16       0.39      0.90      0.54     47353
          17       0.16      0.84      0.27      4787
          18       0.20      0.82      0.32     30884
          19       0.15      0.86      0.26     13084
          20       0.29      0.93      0.44     69652
          21       0.20      0.90      0.33     30654
          22       0.27      0.85      0.41     10642
          23       0.19      0.85      0.30     20231
          24       0.35      0.92      0.50     17009
          25       0.17      0.83      0.28      8893
          26       0.09      0.78      0.17      4256
          27       0.15      0.80      0.26      1388
          28       0.19      0.89      0.32     46598
          29       0.41      0.90      0.57     21613
          30       0.24      0.90      0.38     54721
          31       0.29      0.87      0.43      6255
          32       0.17      0.87      0.28     40344
          33       0.30      0.88      0.45     38480
          34       0.22      0.90      0.36     24246
          35       0.26      0.90      0.40     82160
          36       0.11      0.84      0.19      3361
          37       0.27      0.88      0.41     30984
          38       0.31      0.88      0.46     10389
          39       0.17      0.87      0.29     16198
          40       0.30      0.88      0.45     27648
          41       0.21      0.83      0.33      7521
          42       0.22      0.87      0.35     40355
          43       0.29      0.92      0.44     97228
          44       0.14      0.78      0.23      7163
          45       0.31      0.92      0.46     45665
          46       0.33      0.87      0.48      5058
          47       0.10      0.79      0.17     33266

    accuracy                           0.24   5873395
   macro avg       0.24      0.85      0.37   5873395
weighted avg       0.07      0.24      0.11   5873395

correct_sum 1423449 mask_sum 5873395 correct_sum / mask_sum 0.24235540092229452
len(output_list) 5873395
len(output_list[0]) 51
outdf.shape (5873395, 51)
outdf[0:1]            0   1   2          3          4          5          6          7   \
0  4846711747  -1  47 -66.275513 -65.148895 -46.842731 -99.145638 -25.158968   

          8          9   ...         41         42        43         44  \
0 -81.728653 -83.879829  ... -83.067825 -64.537376 -41.69717 -45.503475   

           45        46         47         48        49         50  
0 -103.052666 -9.054515 -84.964119 -33.809944 -55.82304  60.837463  

[1 rows x 51 columns]