Validation set:
100%|██████████| 8/8 [00:46<00:00,  5.83s/it]
              precision    recall  f1-score   support

           0       0.86      0.83      0.84      2523
           1       0.89      0.91      0.90      1275
           2       0.85      0.86      0.86      5485
           3       0.76      0.81      0.78      1057
           4       0.90      0.82      0.86     38736
           5       0.84      0.84      0.84      4340
           6       0.73      0.83      0.77      1231
           7       0.67      0.79      0.73       345
           8       0.90      0.86      0.88     20228
           9       0.74      0.84      0.79      4057
          10       0.89      0.87      0.88      2608
          11       0.86      0.86      0.86      2291
          12       0.84      0.84      0.84     11670
          13       0.86      0.85      0.85      4028
          14       0.85      0.84      0.85      2392
          15       0.80      0.88      0.84      2234
          16       0.64      0.73      0.68      1087
          17       0.91      0.85      0.88      4767
          18       0.87      0.89      0.88      1377
          19       0.77      0.78      0.77      2845
          20       0.85      0.87      0.86      4514
          21       0.89      0.89      0.89      6134
          22       0.77      0.86      0.81      2658
          23       0.82      0.81      0.81      1421
          24       0.76      0.76      0.76      2095
          25       0.86      0.89      0.88      1588
          26       0.68      0.83      0.75       533
          27       0.23      0.80      0.36       409
          28       0.75      0.83      0.79       797
          29       0.84      0.81      0.83      6463
          30       0.89      0.86      0.87      2169
          31       0.81      0.82      0.81     19687
          32       0.85      0.86      0.85      5103
          33       0.81      0.84      0.82       439
          34       0.68      0.82      0.74      2852
          35       0.87      0.83      0.85      3540
          36       0.76      0.85      0.80      2358
          37       0.85      0.84      0.84      8418
          38       0.75      0.82      0.79       733
          39       0.85      0.83      0.84      2931
          40       0.88      0.85      0.86       810
          41       0.73      0.80      0.77      1931
          42       0.86      0.85      0.85     16325
          43       0.79      0.84      0.81      2799
          44       0.79      0.89      0.84       811
          45       0.80      0.80      0.80      3585
          46       0.91      0.87      0.89     10192
          47       0.22      0.74      0.33       492
          48       0.65      0.75      0.70       624
          49       0.90      0.89      0.90      5307
          50       0.55      0.77      0.64       706

    accuracy                           0.84    233000
   macro avg       0.79      0.83      0.80    233000
weighted avg       0.85      0.84      0.84    233000

195837 233000
0.8405021459227467
Testing set:
100%|██████████| 8/8 [00:46<00:00,  5.86s/it]
              precision    recall  f1-score   support

           0       0.84      0.83      0.84      2508
           1       0.88      0.89      0.88      1218
           2       0.85      0.86      0.85      5425
           3       0.77      0.81      0.79      1083
           4       0.91      0.82      0.86     38187
           5       0.83      0.83      0.83      4254
           6       0.72      0.85      0.78      1268
           7       0.65      0.83      0.73       307
           8       0.91      0.86      0.88     20543
           9       0.73      0.84      0.78      4053
          10       0.91      0.88      0.89      2630
          11       0.87      0.87      0.87      2355
          12       0.85      0.85      0.85     11466
          13       0.87      0.85      0.86      3961
          14       0.86      0.84      0.85      2397
          15       0.81      0.87      0.84      2326
          16       0.67      0.75      0.70      1077
          17       0.91      0.86      0.88      4659
          18       0.87      0.89      0.88      1391
          19       0.79      0.79      0.79      2795
          20       0.85      0.88      0.87      4450
          21       0.89      0.89      0.89      6224
          22       0.77      0.85      0.81      2705
          23       0.84      0.79      0.81      1464
          24       0.77      0.78      0.78      2067
          25       0.89      0.90      0.90      1661
          26       0.66      0.86      0.75       510
          27       0.22      0.78      0.34       402
          28       0.75      0.84      0.80       820
          29       0.84      0.82      0.83      6517
          30       0.90      0.85      0.87      2279
          31       0.81      0.82      0.81     19465
          32       0.85      0.86      0.85      5018
          33       0.79      0.86      0.82       442
          34       0.69      0.83      0.75      2902
          35       0.87      0.83      0.85      3634
          36       0.77      0.86      0.81      2422
          37       0.85      0.83      0.84      8517
          38       0.78      0.86      0.81       781
          39       0.85      0.83      0.84      2961
          40       0.86      0.86      0.86       812
          41       0.73      0.79      0.76      2014
          42       0.86      0.85      0.85     16389
          43       0.79      0.83      0.81      2831
          44       0.80      0.87      0.83       773
          45       0.80      0.82      0.81      3516
          46       0.91      0.88      0.89     10387
          47       0.22      0.73      0.34       516
          48       0.64      0.73      0.68       620
          49       0.88      0.89      0.89      5286
          50       0.55      0.76      0.64       712

    accuracy                           0.84    233000
   macro avg       0.79      0.84      0.80    233000
weighted avg       0.85      0.84      0.85    233000

196194 233000
0.8420343347639485
Total set:
100%|██████████| 2331787/2331787 [1:22:28<00:00, 471.22it/s]  
              precision    recall  f1-score   support

           0       0.84      0.83      0.84     24599
           1       0.89      0.89      0.89     12763
           2       0.85      0.87      0.86     54937
           3       0.77      0.81      0.79     10564
           4       0.91      0.82      0.86    384023
           5       0.83      0.84      0.84     42691
           6       0.72      0.84      0.78     12323
           7       0.65      0.80      0.72      3198
           8       0.90      0.86      0.88    203174
           9       0.74      0.84      0.78     40449
          10       0.90      0.87      0.88     25740
          11       0.86      0.87      0.87     23468
          12       0.85      0.85      0.85    116315
          13       0.86      0.86      0.86     39880
          14       0.86      0.84      0.85     24718
          15       0.81      0.87      0.84     22708
          16       0.66      0.77      0.71     10779
          17       0.91      0.86      0.88     47653
          18       0.87      0.90      0.89     14011
          19       0.78      0.78      0.78     28544
          20       0.85      0.87      0.86     44598
          21       0.89      0.89      0.89     62038
          22       0.77      0.85      0.81     26538
          23       0.83      0.80      0.82     14525
          24       0.76      0.77      0.77     20448
          25       0.89      0.90      0.90     16207
          26       0.68      0.83      0.75      5214
          27       0.24      0.80      0.37      4210
          28       0.75      0.84      0.79      8097
          29       0.84      0.82      0.83     65243
          30       0.89      0.85      0.87     22450
          31       0.81      0.82      0.81    195249
          32       0.85      0.86      0.85     50025
          33       0.79      0.86      0.82      4631
          34       0.68      0.83      0.75     28526
          35       0.87      0.83      0.85     36369
          36       0.76      0.86      0.81     23656
          37       0.85      0.84      0.84     85544
          38       0.77      0.85      0.81      7659
          39       0.85      0.84      0.84     29080
          40       0.88      0.85      0.87      8619
          41       0.74      0.80      0.77     19718
          42       0.86      0.85      0.86    165939
          43       0.80      0.84      0.81     27732
          44       0.80      0.88      0.84      7864
          45       0.80      0.82      0.81     35347
          46       0.90      0.87      0.89    102599
          47       0.23      0.75      0.35      5200
          48       0.64      0.74      0.69      6418
          49       0.89      0.89      0.89     52617
          50       0.55      0.78      0.64      6890

    accuracy                           0.84   2331787
   macro avg       0.79      0.84      0.81   2331787
weighted avg       0.85      0.84      0.84   2331787

1962938 2331787
0.8418170270269111