Validation set:
100%|██████████| 8/8 [00:51<00:00,  6.42s/it]
              precision    recall  f1-score   support

           0       0.84      0.82      0.83      2466
           1       0.89      0.90      0.89      1230
           2       0.87      0.86      0.86      5552
           3       0.67      0.80      0.73      1066
           4       0.90      0.83      0.86     38457
           5       0.82      0.84      0.83      4275
           6       0.73      0.85      0.78      1261
           7       0.57      0.79      0.66       310
           8       0.90      0.86      0.88     20326
           9       0.78      0.82      0.80      4037
          10       0.90      0.88      0.89      2599
          11       0.88      0.86      0.87      2345
          12       0.85      0.84      0.84     11739
          13       0.85      0.86      0.85      3991
          14       0.87      0.85      0.86      2516
          15       0.78      0.88      0.83      2290
          16       0.55      0.75      0.64      1053
          17       0.92      0.86      0.88      4821
          18       0.86      0.91      0.88      1346
          19       0.80      0.77      0.78      2893
          20       0.85      0.87      0.86      4380
          21       0.88      0.88      0.88      6214
          22       0.75      0.85      0.80      2599
          23       0.82      0.80      0.81      1480
          24       0.73      0.78      0.76      1924
          25       0.87      0.91      0.89      1554
          26       0.69      0.82      0.75       539
          27       0.28      0.81      0.41       395
          28       0.72      0.85      0.78       810
          29       0.85      0.82      0.84      6508
          30       0.87      0.84      0.85      2251
          31       0.82      0.81      0.81     19229
          32       0.83      0.86      0.84      5042
          33       0.77      0.84      0.80       469
          34       0.70      0.82      0.75      2787
          35       0.88      0.82      0.85      3669
          36       0.77      0.85      0.81      2475
          37       0.85      0.84      0.84      8407
          38       0.71      0.86      0.78       803
          39       0.82      0.84      0.83      2873
          40       0.85      0.85      0.85       859
          41       0.74      0.78      0.76      1908
          42       0.86      0.85      0.86     16626
          43       0.84      0.80      0.82      2804
          44       0.77      0.87      0.81       822
          45       0.81      0.82      0.81      3566
          46       0.90      0.87      0.89     10233
          47       0.27      0.73      0.39       538
          48       0.62      0.73      0.67       655
          49       0.90      0.89      0.90      5313
          50       0.65      0.73      0.69       695

    accuracy                           0.84    233000
   macro avg       0.78      0.83      0.80    233000
weighted avg       0.85      0.84      0.84    233000

196187 233000
0.8420042918454935
Testing set:
100%|██████████| 8/8 [00:51<00:00,  6.43s/it]
              precision    recall  f1-score   support

           0       0.84      0.82      0.83      2425
           1       0.91      0.90      0.90      1295
           2       0.87      0.86      0.86      5573
           3       0.67      0.81      0.74      1088
           4       0.90      0.84      0.87     38413
           5       0.82      0.86      0.84      4351
           6       0.71      0.85      0.77      1140
           7       0.56      0.79      0.65       313
           8       0.90      0.86      0.88     20346
           9       0.78      0.82      0.80      3990
          10       0.89      0.87      0.88      2541
          11       0.88      0.86      0.87      2335
          12       0.85      0.84      0.85     11598
          13       0.86      0.86      0.86      4109
          14       0.85      0.84      0.84      2398
          15       0.78      0.87      0.82      2261
          16       0.58      0.79      0.67      1073
          17       0.91      0.86      0.88      4797
          18       0.86      0.90      0.88      1366
          19       0.79      0.78      0.78      2804
          20       0.84      0.87      0.85      4484
          21       0.88      0.89      0.89      6184
          22       0.78      0.86      0.81      2734
          23       0.81      0.79      0.80      1440
          24       0.77      0.78      0.78      2087
          25       0.89      0.91      0.90      1617
          26       0.67      0.79      0.72       486
          27       0.28      0.81      0.41       392
          28       0.74      0.83      0.78       803
          29       0.84      0.82      0.83      6528
          30       0.88      0.85      0.86      2294
          31       0.82      0.81      0.82     19533
          32       0.83      0.86      0.85      4881
          33       0.81      0.85      0.83       444
          34       0.70      0.82      0.76      2811
          35       0.86      0.84      0.85      3545
          36       0.77      0.85      0.81      2427
          37       0.86      0.83      0.85      8604
          38       0.71      0.86      0.78       780
          39       0.82      0.84      0.83      2829
          40       0.86      0.86      0.86       898
          41       0.74      0.78      0.76      2033
          42       0.86      0.85      0.85     16500
          43       0.85      0.79      0.82      2759
          44       0.75      0.87      0.81       725
          45       0.82      0.81      0.81      3600
          46       0.90      0.88      0.89     10328
          47       0.26      0.75      0.39       518
          48       0.65      0.77      0.70       642
          49       0.89      0.89      0.89      5180
          50       0.70      0.77      0.73       698

    accuracy                           0.84    233000
   macro avg       0.79      0.84      0.80    233000
weighted avg       0.85      0.84      0.85    233000

196414 233000
0.8429785407725322
Total set:
100%|██████████| 2331787/2331787 [1:43:37<00:00, 375.03it/s]  
              precision    recall  f1-score   support

           0       0.84      0.83      0.84     24599
           1       0.90      0.89      0.90     12763
           2       0.87      0.86      0.86     54937
           3       0.66      0.82      0.73     10564
           4       0.90      0.84      0.87    384023
           5       0.82      0.85      0.83     42691
           6       0.72      0.84      0.78     12323
           7       0.58      0.80      0.68      3198
           8       0.90      0.86      0.88    203174
           9       0.78      0.83      0.80     40449
          10       0.90      0.87      0.88     25740
          11       0.88      0.86      0.87     23468
          12       0.85      0.84      0.85    116315
          13       0.85      0.86      0.86     39880
          14       0.86      0.84      0.85     24718
          15       0.78      0.87      0.82     22708
          16       0.57      0.77      0.66     10779
          17       0.92      0.86      0.89     47653
          18       0.86      0.90      0.88     14011
          19       0.79      0.78      0.79     28544
          20       0.85      0.87      0.86     44598
          21       0.88      0.89      0.89     62038
          22       0.76      0.86      0.81     26538
          23       0.82      0.80      0.81     14525
          24       0.76      0.78      0.77     20448
          25       0.89      0.90      0.90     16207
          26       0.69      0.83      0.75      5214
          27       0.29      0.79      0.42      4210
          28       0.74      0.84      0.79      8097
          29       0.84      0.82      0.83     65243
          30       0.87      0.85      0.86     22450
          31       0.82      0.81      0.82    195249
          32       0.84      0.86      0.85     50025
          33       0.79      0.86      0.82      4631
          34       0.71      0.82      0.76     28526
          35       0.87      0.83      0.85     36369
          36       0.77      0.85      0.81     23656
          37       0.85      0.84      0.84     85544
          38       0.69      0.86      0.77      7659
          39       0.83      0.84      0.83     29080
          40       0.86      0.86      0.86      8619
          41       0.75      0.79      0.77     19718
          42       0.86      0.85      0.86    165939
          43       0.85      0.80      0.83     27732
          44       0.77      0.88      0.82      7864
          45       0.81      0.81      0.81     35347
          46       0.90      0.87      0.89    102599
          47       0.27      0.74      0.39      5200
          48       0.63      0.75      0.68      6418
          49       0.89      0.89      0.89     52617
          50       0.69      0.76      0.72      6890

    accuracy                           0.84   2331787
   macro avg       0.79      0.84      0.81   2331787
weighted avg       0.85      0.84      0.85   2331787

1966231 2331787
0.8432292486406349