Validation set:
100%|██████████| 37/37 [03:08<00:00,  5.09s/it]
              precision    recall  f1-score   support

           0       0.80      0.77      0.79      6646
           1       0.87      0.82      0.84      2107
           2       0.86      0.83      0.85     12599
           3       0.78      0.77      0.77      5617
           4       0.78      0.84      0.81     79210
           5       0.84      0.82      0.83     15143
           6       0.73      0.69      0.71      3532
           7       0.67      0.62      0.64      1340
           8       0.85      0.86      0.85     44336
           9       0.78      0.78      0.78     17036
          10       0.87      0.87      0.87      2586
          11       0.84      0.82      0.83      3806
          12       0.79      0.78      0.79     22352
          13       0.79      0.76      0.78     10211
          14       0.80      0.75      0.77      6737
          15       0.81      0.76      0.78      5131
          16       0.78      0.71      0.74      6548
          17       0.82      0.79      0.81      7614
          18       0.69      0.74      0.71      2195
          19       0.73      0.76      0.75      9650
          20       0.75      0.78      0.76     11939
          21       0.79      0.81      0.80     17087
          22       0.81      0.78      0.80     11348
          23       0.78      0.74      0.75      3597
          24       0.76      0.75      0.76     10587
          25       0.85      0.84      0.85      2676
          26       0.81      0.79      0.80      3653
          27       0.85      0.76      0.80      5362
          28       0.71      0.67      0.69      1837
          29       0.74      0.74      0.74     11152
          30       0.85      0.73      0.78      4025
          31       0.78      0.80      0.79     33219
          32       0.79      0.80      0.80     19039
          33       0.81      0.78      0.79      1543
          34       0.77      0.77      0.77     20787
          35       0.81      0.81      0.81      6089
          36       0.82      0.81      0.82     11875
          37       0.79      0.80      0.80     22158
          38       0.77      0.76      0.77      2018
          39       0.81      0.78      0.80     10354
          40       0.79      0.76      0.78      2025
          41       0.79      0.78      0.79     11192
          42       0.84      0.82      0.83     43907
          43       0.79      0.77      0.78      5462
          44       0.63      0.63      0.63      1007
          45       0.79      0.76      0.78     15409
          46       0.84      0.84      0.84     17203
          47       0.73      0.68      0.70      2013
          48       0.82      0.81      0.82     12767
          49       0.81      0.75      0.78      1059
          50       0.74      0.61      0.67      3215

    accuracy                           0.80    590000
   macro avg       0.79      0.77      0.78    590000
weighted avg       0.80      0.80      0.80    590000

471163 590000
0.7985813559322034
Testing set:
100%|██████████| 4/4 [00:16<00:00,  4.05s/it]
              precision    recall  f1-score   support

           0       0.89      0.76      0.82      1000
           1       0.96      0.82      0.89      1000
           2       0.86      0.82      0.84      1000
           3       0.86      0.77      0.81      1000
           4       0.30      0.85      0.44      1000
           5       0.79      0.81      0.80      1000
           6       0.84      0.70      0.76      1000
           7       0.95      0.64      0.76      1000
           8       0.59      0.85      0.69      1000
           9       0.73      0.81      0.77      1000
          10       0.98      0.88      0.93      1000
          11       0.91      0.82      0.86      1000
          12       0.68      0.80      0.73      1000
          13       0.79      0.77      0.78      1000
          14       0.86      0.77      0.81      1000
          15       0.90      0.74      0.81      1000
          16       0.85      0.70      0.77      1000
          17       0.87      0.80      0.83      1000
          18       0.91      0.77      0.83      1000
          19       0.72      0.74      0.73      1000
          20       0.68      0.76      0.72      1000
          21       0.71      0.82      0.76      1000
          22       0.78      0.79      0.79      1000
          23       0.92      0.73      0.82      1000
          24       0.77      0.78      0.78      1000
          25       0.95      0.84      0.89      1000
          26       0.90      0.81      0.85      1000
          27       0.91      0.76      0.83      1000
          28       0.92      0.64      0.75      1000
          29       0.74      0.72      0.73      1000
          30       0.94      0.70      0.80      1000
          31       0.52      0.78      0.62      1000
          32       0.65      0.82      0.73      1000
          33       0.95      0.78      0.85      1000
          34       0.61      0.77      0.68      1000
          35       0.86      0.81      0.83      1000
          36       0.83      0.81      0.82      1000
          37       0.63      0.81      0.71      1000
          38       0.94      0.73      0.82      1000
          39       0.82      0.79      0.80      1000
          40       0.95      0.77      0.85      1000
          41       0.79      0.78      0.78      1000
          42       0.56      0.84      0.67      1000
          43       0.87      0.79      0.83      1000
          44       0.93      0.62      0.75      1000
          45       0.70      0.76      0.72      1000
          46       0.75      0.84      0.79      1000
          47       0.93      0.66      0.77      1000
          48       0.79      0.81      0.80      1000
          49       0.97      0.76      0.85      1000
          50       0.91      0.62      0.74      1000

    accuracy                           0.77     51000
   macro avg       0.81      0.77      0.78     51000
weighted avg       0.81      0.77      0.78     51000

39319 51000
0.7709607843137255
Total set:
100%|██████████| 5873395/5873395 [3:38:01<00:00, 449.00it/s]  
              precision    recall  f1-score   support

           0       0.81      0.77      0.79     67070
           1       0.87      0.82      0.84     21813
           2       0.86      0.84      0.85    124206
           3       0.79      0.77      0.78     56485
           4       0.78      0.84      0.81    781066
           5       0.84      0.82      0.83    149293
           6       0.73      0.69      0.71     36065
           7       0.70      0.63      0.66     14117
           8       0.85      0.86      0.85    438072
           9       0.79      0.78      0.79    167224
          10       0.89      0.86      0.87     27980
          11       0.83      0.82      0.83     39349
          12       0.80      0.79      0.79    223885
          13       0.80      0.77      0.78    101669
          14       0.81      0.75      0.78     66735
          15       0.81      0.76      0.78     51066
          16       0.78      0.72      0.75     66161
          17       0.82      0.80      0.81     76213
          18       0.70      0.75      0.73     22528
          19       0.74      0.76      0.75     97426
          20       0.76      0.78      0.77    119168
          21       0.79      0.82      0.81    170292
          22       0.81      0.79      0.80    112328
          23       0.79      0.73      0.76     36355
          24       0.77      0.75      0.76    104792
          25       0.85      0.85      0.85     28050
          26       0.80      0.79      0.80     37888
          27       0.85      0.75      0.80     54402
          28       0.72      0.66      0.69     20027
          29       0.73      0.74      0.74    109263
          30       0.85      0.74      0.79     41091
          31       0.78      0.79      0.79    327434
          32       0.79      0.81      0.80    188041
          33       0.82      0.77      0.79     15781
          34       0.77      0.77      0.77    205464
          35       0.81      0.81      0.81     61213
          36       0.83      0.81      0.82    119442
          37       0.79      0.80      0.80    221328
          38       0.76      0.75      0.76     20518
          39       0.82      0.79      0.80    103658
          40       0.80      0.77      0.78     20143
          41       0.79      0.78      0.78    111849
          42       0.84      0.82      0.83    432991
          43       0.80      0.77      0.78     55570
          44       0.68      0.65      0.66     11081
          45       0.79      0.77      0.78    152886
          46       0.84      0.85      0.84    170560
          47       0.74      0.66      0.70     21440
          48       0.82      0.81      0.82    126796
          49       0.83      0.77      0.80     11624
          50       0.76      0.62      0.68     33497

    accuracy                           0.80   5873395
   macro avg       0.79      0.77      0.78   5873395
weighted avg       0.80      0.80      0.80   5873395

4698498 5873395
0.7999628834771031