100%|██████████| 9/9 [00:27<00:00,  3.08s/it]Epoch: 000, Loss: 0.0000, Test: 0.9003, Time: 000 min 28 sec
Final Test: 0.0000

filename = './saint_newcity_truelabel_A_to_A_no_6_centers_45_infer_A_id_y_pred_45probability.csv'
id_total, y_total, pred_total, out_total = output_infer(total_labeled_loader, filename)

100%|██████████| 73/73 [04:00<00:00,  3.29s/it]
              precision    recall  f1-score   support

           0       0.89      0.90      0.89     27907
           1       0.95      0.90      0.93      8324
           2       0.92      0.92      0.92     56288
           3       0.89      0.85      0.87     10869
           4       0.90      0.92      0.91     45043
           5       0.88      0.82      0.85      4796
           6       0.91      0.82      0.87      3760
           7       0.85      0.91      0.88     44859
           8       0.95      0.91      0.93     25969
           9       0.93      0.91      0.92     25502
          10       0.91      0.91      0.91     50521
          11       0.91      0.90      0.90     28872
          12       0.93      0.90      0.91     23206
          13       0.88      0.84      0.86     12856
          14       0.93      0.92      0.92     47353
          15       0.86      0.88      0.87      4787
          16       0.85      0.86      0.85     30884
          17       0.87      0.88      0.87     13084
          18       0.92      0.94      0.93     69652
          19       0.90      0.91      0.91     30654
          20       0.93      0.87      0.90     10642
          21       0.88      0.87      0.88     20231
          22       0.94      0.92      0.93     17009
          23       0.91      0.84      0.87      8893
          24       0.89      0.84      0.87      4256
          25       0.87      0.85      0.86      1388
          26       0.86      0.91      0.89     46598
          27       0.96      0.91      0.93     21613
          28       0.91      0.91      0.91     54721
          29       0.93      0.87      0.90      6255
          30       0.85      0.90      0.87     40344
          31       0.89      0.90      0.90     38480
          32       0.91      0.91      0.91     24246
          33       0.87      0.82      0.84      3361
          34       0.91      0.89      0.90     30984
          35       0.93      0.88      0.91     10389
          36       0.91      0.87      0.89     16198
          37       0.90      0.88      0.89     27648
          38       0.88      0.86      0.87      7521
          39       0.88      0.89      0.88     40355
          40       0.91      0.93      0.92     97228
          41       0.90      0.80      0.85      7163
          42       0.94      0.93      0.93     45665
          43       0.95      0.86      0.90      5058
          44       0.82      0.80      0.81     33266

    accuracy                           0.90   1184698
   macro avg       0.90      0.88      0.89   1184698
weighted avg       0.90      0.90      0.90   1184698



correct_sum 1067173 mask_sum 1184698 correct_sum / mask_sum 0.9007975028235043
len(output_list) 1184698
len(output_list[0]) 48
outdf.shape (1184698, 48)
outdf[0:1]            0   1   2         3         4         5         6         7   \
0  5340039981  39  39 -2.693522 -3.757581 -2.336393 -4.179527 -2.356566   

        8         9   ...        38       39        40        41        42  \
0 -4.50423 -1.751294  ... -4.195552 -1.86446 -2.927049 -2.783459  5.738466   

         43        44        45        46        47  
0  0.718951 -1.742178 -2.676158 -5.158484  1.279272  

[1 rows x 48 columns]


filename = './saint_newcity_truelabel_A_to_A_no_6_centers_45_infer_AB_id_y_pred_45probability.csv'
id_total, y_total, pred_total, out_total = output_infer(total_data_loader, filename)

 precision    recall  f1-score   support

          -1       0.00      0.00      0.00   4688697
           0       0.19      0.90      0.32     27907
           1       0.34      0.90      0.50      8324
           2       0.23      0.92      0.37     56288
           3       0.18      0.85      0.30     10869
           4       0.18      0.92      0.30     45043
           5       0.13      0.82      0.22      4796
           6       0.19      0.82      0.31      3760
           7       0.16      0.91      0.27     44859
           8       0.35      0.91      0.51     25969
           9       0.38      0.91      0.54     25502
          10       0.20      0.91      0.32     50521
          11       0.21      0.90      0.34     28872
          12       0.20      0.90      0.32     23206
          13       0.13      0.84      0.23     12856
          14       0.31      0.92      0.46     47353
          15       0.14      0.88      0.24      4787
          16       0.13      0.86      0.23     30884
          17       0.13      0.88      0.23     13084
          18       0.23      0.94      0.37     69652
          19       0.18      0.91      0.30     30654
          20       0.23      0.87      0.36     10642
          21       0.15      0.87      0.25     20231
          22       0.36      0.92      0.51     17009
          23       0.16      0.84      0.28      8893
          24       0.07      0.84      0.14      4256
          25       0.12      0.85      0.22      1388
          26       0.12      0.91      0.22     46598
          27       0.34      0.91      0.50     21613
          28       0.20      0.91      0.33     54721
          29       0.29      0.87      0.43      6255
          30       0.12      0.90      0.21     40344
          31       0.23      0.90      0.37     38480
          32       0.20      0.91      0.33     24246
          33       0.12      0.82      0.21      3361
          34       0.20      0.89      0.33     30984
          35       0.31      0.88      0.46     10389
          36       0.16      0.87      0.27     16198
          37       0.24      0.88      0.37     27648
          38       0.17      0.86      0.29      7521
          39       0.17      0.89      0.29     40355
          40       0.17      0.93      0.29     97228
          41       0.13      0.80      0.22      7163
          42       0.23      0.93      0.37     45665
          43       0.31      0.86      0.45      5058
          44       0.06      0.80      0.12     33266

    accuracy                           0.18   5873395
   macro avg       0.20      0.86      0.32   5873395
weighted avg       0.04      0.18      0.07   5873395

correct_sum 1067173 mask_sum 5873395 correct_sum / mask_sum 0.1816961059148925
len(output_list) 5873395
len(output_list[0]) 48
outdf.shape (5873395, 48)
outdf[0:1]            0   1   2          3          4          5           6         7   \
0  4846711747  -1  44 -89.549538 -90.875877 -35.430672 -104.221924 -8.806266   

          8           9   ...        38          39         40         41  \
0 -71.884193 -145.691681  ... -79.04335 -111.753586 -27.094845 -69.315788   

          42         43         44         45          46         47  
0 -94.174355 -15.867759 -94.568626 -48.947285 -102.873055  68.490364  

[1 rows x 48 columns]