Validation set:
100%|██████████| 73/73 [03:12<00:00,  2.64s/it]
              precision    recall  f1-score   support

           0       0.77      0.75      0.76      6675
           1       0.84      0.79      0.81      2203
           2       0.86      0.82      0.84     12370
           3       0.76      0.73      0.74      5594
           4       0.76      0.83      0.79     78966
           5       0.84      0.78      0.81     14887
           6       0.61      0.68      0.64      3507
           7       0.67      0.53      0.59      1315
           8       0.84      0.85      0.85     44175
           9       0.79      0.75      0.77     16853
          10       0.89      0.85      0.87      2757
          11       0.84      0.78      0.81      3838
          12       0.80      0.75      0.77     22667
          13       0.79      0.71      0.75     10143
          14       0.79      0.71      0.75      6665
          15       0.79      0.66      0.72      5060
          16       0.75      0.68      0.71      6607
          17       0.83      0.75      0.79      7589
          18       0.60      0.71      0.65      2212
          19       0.75      0.69      0.72      9730
          20       0.67      0.79      0.73     11919
          21       0.77      0.79      0.78     17010
          22       0.79      0.76      0.77     11320
          23       0.74      0.69      0.71      3545
          24       0.73      0.73      0.73     10559
          25       0.80      0.83      0.81      2738
          26       0.75      0.76      0.75      3731
          27       0.80      0.72      0.76      5524
          28       0.55      0.63      0.58      1897
          29       0.66      0.73      0.69     10984
          30       0.84      0.66      0.74      4039
          31       0.75      0.79      0.77     32560
          32       0.78      0.78      0.78     19147
          33       0.77      0.72      0.75      1461
          34       0.77      0.73      0.75     20816
          35       0.79      0.78      0.79      6043
          36       0.80      0.80      0.80     12097
          37       0.75      0.81      0.78     22421
          38       0.70      0.72      0.71      1996
          39       0.81      0.75      0.78     10440
          40       0.74      0.70      0.72      1866
          41       0.75      0.76      0.75     11373
          42       0.83      0.81      0.82     44278
          43       0.79      0.73      0.76      5623
          44       0.54      0.58      0.56       980
          45       0.75      0.74      0.75     15489
          46       0.85      0.81      0.83     17273
          47       0.69      0.57      0.62      2046
          48       0.79      0.79      0.79     12664
          49       0.80      0.75      0.77      1074
          50       0.61      0.62      0.61      3274

    accuracy                           0.78    590000
   macro avg       0.76      0.74      0.75    590000
weighted avg       0.78      0.78      0.78    590000

458843 590000
0.7777
Testing set:
100%|██████████| 7/7 [00:16<00:00,  2.32s/it]
              precision    recall  f1-score   support

           0       0.84      0.75      0.79      1000
           1       0.94      0.80      0.87      1000
           2       0.84      0.82      0.83      1000
           3       0.83      0.71      0.77      1000
           4       0.28      0.82      0.41      1000
           5       0.77      0.76      0.76      1000
           6       0.79      0.70      0.74      1000
           7       0.94      0.50      0.66      1000
           8       0.59      0.85      0.70      1000
           9       0.70      0.73      0.71      1000
          10       0.98      0.82      0.89      1000
          11       0.92      0.77      0.84      1000
          12       0.65      0.76      0.70      1000
          13       0.80      0.75      0.78      1000
          14       0.86      0.73      0.79      1000
          15       0.88      0.65      0.75      1000
          16       0.82      0.69      0.75      1000
          17       0.89      0.74      0.81      1000
          18       0.87      0.70      0.78      1000
          19       0.75      0.71      0.73      1000
          20       0.59      0.78      0.68      1000
          21       0.66      0.79      0.71      1000
          22       0.78      0.76      0.77      1000
          23       0.89      0.70      0.78      1000
          24       0.69      0.70      0.69      1000
          25       0.93      0.83      0.87      1000
          26       0.88      0.74      0.81      1000
          27       0.90      0.73      0.81      1000
          28       0.82      0.65      0.72      1000
          29       0.66      0.73      0.69      1000
          30       0.95      0.67      0.78      1000
          31       0.50      0.80      0.61      1000
          32       0.62      0.79      0.69      1000
          33       0.96      0.74      0.83      1000
          34       0.60      0.73      0.66      1000
          35       0.84      0.80      0.82      1000
          36       0.73      0.77      0.75      1000
          37       0.57      0.82      0.67      1000
          38       0.91      0.70      0.79      1000
          39       0.79      0.76      0.77      1000
          40       0.92      0.72      0.81      1000
          41       0.74      0.78      0.76      1000
          42       0.51      0.82      0.63      1000
          43       0.82      0.74      0.78      1000
          44       0.90      0.54      0.68      1000
          45       0.66      0.74      0.69      1000
          46       0.77      0.83      0.80      1000
          47       0.93      0.58      0.71      1000
          48       0.75      0.78      0.76      1000
          49       0.98      0.72      0.83      1000
          50       0.87      0.64      0.73      1000

    accuracy                           0.74     51000
   macro avg       0.78      0.74      0.75     51000
weighted avg       0.78      0.74      0.75     51000

37629 51000
0.7378235294117647
Total set:
100%|██████████| 5873395/5873395 [3:38:00<00:00, 449.01it/s]  
              precision    recall  f1-score   support

           0       0.77      0.75      0.76     67070
           1       0.84      0.80      0.82     21813
           2       0.86      0.82      0.84    124206
           3       0.77      0.72      0.74     56485
           4       0.76      0.83      0.79    781066
           5       0.84      0.78      0.81    149293
           6       0.61      0.68      0.65     36065
           7       0.66      0.50      0.57     14117
           8       0.84      0.85      0.85    438072
           9       0.79      0.75      0.77    167224
          10       0.90      0.84      0.87     27980
          11       0.84      0.78      0.81     39349
          12       0.80      0.75      0.77    223885
          13       0.78      0.72      0.75    101669
          14       0.79      0.71      0.75     66735
          15       0.80      0.68      0.73     51066
          16       0.75      0.67      0.71     66161
          17       0.83      0.75      0.79     76213
          18       0.61      0.70      0.65     22528
          19       0.75      0.69      0.72     97426
          20       0.68      0.79      0.73    119168
          21       0.77      0.79      0.78    170292
          22       0.79      0.76      0.77    112328
          23       0.75      0.69      0.72     36355
          24       0.73      0.72      0.73    104792
          25       0.80      0.83      0.82     28050
          26       0.76      0.76      0.76     37888
          27       0.80      0.72      0.76     54402
          28       0.56      0.63      0.59     20027
          29       0.66      0.73      0.69    109263
          30       0.85      0.67      0.75     41091
          31       0.75      0.79      0.77    327434
          32       0.78      0.79      0.78    188041
          33       0.79      0.73      0.76     15781
          34       0.77      0.73      0.75    205464
          35       0.79      0.79      0.79     61213
          36       0.79      0.79      0.79    119442
          37       0.75      0.80      0.77    221328
          38       0.70      0.70      0.70     20518
          39       0.81      0.75      0.78    103658
          40       0.77      0.70      0.74     20143
          41       0.75      0.76      0.76    111849
          42       0.82      0.81      0.82    432991
          43       0.78      0.72      0.75     55570
          44       0.58      0.56      0.57     11081
          45       0.75      0.74      0.75    152886
          46       0.85      0.81      0.83    170560
          47       0.69      0.57      0.63     21440
          48       0.79      0.79      0.79    126796
          49       0.82      0.72      0.77     11624
          50       0.61      0.62      0.61     33497

    accuracy                           0.78   5873395
   macro avg       0.76      0.74      0.75   5873395
weighted avg       0.78      0.78      0.78   5873395

4563768 5873395
0.7770238507711469