Validation set:
100%|██████████| 73/73 [03:32<00:00,  2.91s/it]
              precision    recall  f1-score   support

           0       0.76      0.75      0.76      6569
           1       0.84      0.80      0.82      2133
           2       0.84      0.82      0.83     12484
           3       0.75      0.72      0.74      5564
           4       0.76      0.82      0.79     79098
           5       0.85      0.78      0.81     14972
           6       0.63      0.66      0.64      3541
           7       0.64      0.48      0.55      1315
           8       0.83      0.86      0.84     44250
           9       0.78      0.75      0.77     16927
          10       0.89      0.85      0.87      2795
          11       0.85      0.78      0.81      3905
          12       0.79      0.76      0.78     22539
          13       0.80      0.72      0.76     10135
          14       0.78      0.71      0.75      6662
          15       0.77      0.69      0.73      5010
          16       0.73      0.69      0.71      6605
          17       0.83      0.75      0.79      7631
          18       0.64      0.66      0.65      2203
          19       0.77      0.68      0.72      9757
          20       0.69      0.78      0.74     12008
          21       0.76      0.79      0.78     17231
          22       0.78      0.76      0.77     11181
          23       0.73      0.71      0.72      3509
          24       0.73      0.74      0.74     10655
          25       0.83      0.82      0.83      2780
          26       0.78      0.75      0.76      3785
          27       0.81      0.72      0.76      5349
          28       0.54      0.62      0.58      1904
          29       0.68      0.71      0.69     10962
          30       0.86      0.69      0.76      4008
          31       0.76      0.79      0.77     32968
          32       0.78      0.78      0.78     19028
          33       0.78      0.73      0.75      1505
          34       0.77      0.73      0.75     20631
          35       0.80      0.78      0.79      6040
          36       0.78      0.79      0.79     11933
          37       0.76      0.80      0.78     22469
          38       0.67      0.71      0.69      1929
          39       0.79      0.76      0.78     10501
          40       0.78      0.72      0.75      1921
          41       0.75      0.76      0.76     11225
          42       0.81      0.82      0.81     43981
          43       0.80      0.71      0.75      5576
          44       0.55      0.53      0.54       992
          45       0.77      0.74      0.76     15548
          46       0.84      0.82      0.83     17108
          47       0.70      0.59      0.64      2123
          48       0.79      0.79      0.79     12667
          49       0.82      0.72      0.76      1084
          50       0.62      0.61      0.62      3304

    accuracy                           0.78    590000
   macro avg       0.76      0.74      0.75    590000
weighted avg       0.78      0.78      0.78    590000

458703 590000
0.7774627118644067
Testing set:
100%|██████████| 7/7 [00:31<00:00,  4.53s/it]
              precision    recall  f1-score   support

           0       0.83      0.74      0.78      1000
           1       0.94      0.79      0.86      1000
           2       0.83      0.82      0.83      1000
           3       0.84      0.72      0.77      1000
           4       0.27      0.80      0.40      1000
           5       0.78      0.80      0.79      1000
           6       0.81      0.69      0.74      1000
           7       0.92      0.48      0.64      1000
           8       0.55      0.86      0.67      1000
           9       0.70      0.74      0.72      1000
          10       0.97      0.84      0.90      1000
          11       0.92      0.76      0.83      1000
          12       0.63      0.76      0.69      1000
          13       0.80      0.73      0.77      1000
          14       0.83      0.71      0.76      1000
          15       0.88      0.69      0.77      1000
          16       0.82      0.68      0.74      1000
          17       0.85      0.73      0.79      1000
          18       0.89      0.66      0.75      1000
          19       0.75      0.69      0.72      1000
          20       0.64      0.80      0.71      1000
          21       0.67      0.79      0.72      1000
          22       0.78      0.75      0.76      1000
          23       0.88      0.71      0.79      1000
          24       0.70      0.75      0.72      1000
          25       0.93      0.84      0.88      1000
          26       0.88      0.76      0.82      1000
          27       0.92      0.72      0.81      1000
          28       0.83      0.65      0.73      1000
          29       0.69      0.73      0.71      1000
          30       0.93      0.67      0.78      1000
          31       0.51      0.79      0.62      1000
          32       0.58      0.75      0.65      1000
          33       0.95      0.73      0.83      1000
          34       0.60      0.72      0.65      1000
          35       0.87      0.77      0.82      1000
          36       0.73      0.79      0.76      1000
          37       0.57      0.80      0.67      1000
          38       0.91      0.72      0.81      1000
          39       0.77      0.77      0.77      1000
          40       0.92      0.71      0.80      1000
          41       0.72      0.75      0.74      1000
          42       0.52      0.84      0.64      1000
          43       0.86      0.71      0.78      1000
          44       0.90      0.58      0.70      1000
          45       0.65      0.72      0.68      1000
          46       0.73      0.81      0.77      1000
          47       0.92      0.60      0.73      1000
          48       0.76      0.79      0.77      1000
          49       0.97      0.73      0.84      1000
          50       0.85      0.58      0.69      1000

    accuracy                           0.74     51000
   macro avg       0.78      0.74      0.75     51000
weighted avg       0.78      0.74      0.75     51000

37525 51000
0.7357843137254902
Total set:
100%|██████████| 5873395/5873395 [3:16:13<00:00, 498.87it/s]  
              precision    recall  f1-score   support

           0       0.76      0.75      0.76     67070
           1       0.84      0.80      0.82     21813
           2       0.85      0.82      0.83    124206
           3       0.76      0.73      0.74     56485
           4       0.76      0.82      0.79    781066
           5       0.85      0.78      0.81    149293
           6       0.64      0.67      0.65     36065
           7       0.66      0.50      0.57     14117
           8       0.83      0.86      0.84    438072
           9       0.78      0.76      0.77    167224
          10       0.88      0.85      0.86     27980
          11       0.84      0.77      0.81     39349
          12       0.79      0.75      0.77    223885
          13       0.80      0.72      0.76    101669
          14       0.78      0.72      0.75     66735
          15       0.78      0.69      0.73     51066
          16       0.74      0.68      0.71     66161
          17       0.83      0.75      0.79     76213
          18       0.64      0.67      0.65     22528
          19       0.76      0.68      0.72     97426
          20       0.69      0.78      0.73    119168
          21       0.77      0.79      0.78    170292
          22       0.78      0.76      0.77    112328
          23       0.73      0.70      0.72     36355
          24       0.72      0.73      0.73    104792
          25       0.83      0.82      0.83     28050
          26       0.78      0.75      0.76     37888
          27       0.81      0.72      0.76     54402
          28       0.56      0.63      0.59     20027
          29       0.68      0.72      0.70    109263
          30       0.85      0.67      0.75     41091
          31       0.76      0.78      0.77    327434
          32       0.78      0.79      0.78    188041
          33       0.79      0.73      0.76     15781
          34       0.77      0.73      0.75    205464
          35       0.81      0.78      0.79     61213
          36       0.79      0.79      0.79    119442
          37       0.75      0.80      0.78    221328
          38       0.69      0.72      0.70     20518
          39       0.79      0.76      0.78    103658
          40       0.78      0.70      0.74     20143
          41       0.76      0.76      0.76    111849
          42       0.81      0.82      0.81    432991
          43       0.81      0.71      0.76     55570
          44       0.59      0.56      0.57     11081
          45       0.76      0.74      0.75    152886
          46       0.84      0.82      0.83    170560
          47       0.70      0.58      0.63     21440
          48       0.79      0.79      0.79    126796
          49       0.84      0.71      0.77     11624
          50       0.62      0.61      0.61     33497

    accuracy                           0.78   5873395
   macro avg       0.76      0.74      0.75   5873395
weighted avg       0.78      0.78      0.78   5873395

4564798 5873395
0.7771992178288707